INT	INT	INT	INT	INT	INT	INT	INT	INT	INT	INT
品质分布编号	total	段1几率	段2几率	段3几率	段4几率	段5几率	段6几率	段7几率	段8几率	段9几率
1	1000	1000	0	0	0	0	0	0	0	0
2	1000	0	1000	0	0	0	0	0	0	0
3	1000	0	0	1000	0	0	0	0	0	0
4	1000	0	0	0	1000	0	0	0	0	0
5	1000	0	0	0	0	1000	0	0	0	0
6	1000	0	0	0	0	0	1000	0	0	0
7	1000	0	0	0	0	0	0	1000	0	0
8	1000	0	0	0	0	0	0	0	1000	0
9	1000	0	0	0	0	0	0	0	0	1000
10	100000	84703	14286	1000	10	1	0	0	0	0
11	100000	84703	14286	1000	10	1	0	0	0	0
12	100000	84703	14286	1000	10	1	0	0	0	0
13	100000	84703	14286	1000	10	1	0	0	0	0
14	100000	84703	14286	1000	10	1	0	0	0	0
15	100000	84703	14286	1000	10	1	0	0	0	0
16	100000	84703	14286	1000	10	1	0	0	0	0
17	100000	84703	14286	1000	10	1	0	0	0	0
18	100000	84703	14286	1000	10	1	0	0	0	0
19	100000	84703	14286	1000	10	1	0	0	0	0
20	100000	84703	14286	1000	10	1	0	0	0	0
21	100000	84703	14286	1000	10	1	0	0	0	0
22	100000	84703	14286	1000	10	1	0	0	0	0
23	100000	84703	14286	1000	10	1	0	0	0	0
24	100000	84703	14286	1000	10	1	0	0	0	0
25	100000	84703	14286	1000	10	1	0	0	0	0
26	100000	84703	14286	1000	10	1	0	0	0	0
27	100000	84703	14286	1000	10	1	0	0	0	0
28	100000	84703	14286	1000	10	1	0	0	0	0
29	100000	84703	14286	1000	10	1	0	0	0	0
30	100000	84703	14286	1000	10	1	0	0	0	0
31	100000	84703	14286	1000	10	1	0	0	0	0
32	100000	84703	14286	1000	10	1	0	0	0	0
33	100000	84703	14286	1000	10	1	0	0	0	0
34	100000	84703	14286	1000	10	1	0	0	0	0
35	100000	84703	14286	1000	10	1	0	0	0	0
36	100000	84703	14286	1000	10	1	0	0	0	0
37	100000	84703	14286	1000	10	1	0	0	0	0
38	100000	84703	14286	1000	10	1	0	0	0	0
39	100000	84703	14286	1000	10	1	0	0	0	0
40	100000	84703	14286	1000	10	1	0	0	0	0
41	100000	84703	14286	1000	10	1	0	0	0	0
42	100000	84703	14286	1000	10	1	0	0	0	0
43	100000	84703	14286	1000	10	1	0	0	0	0
44	100000	84703	14286	1000	10	1	0	0	0	0
45	100000	84703	14286	1000	10	1	0	0	0	0
46	100000	84703	14286	1000	10	1	0	0	0	0
47	100000	84703	14286	1000	10	1	0	0	0	0
48	100000	84703	14286	1000	10	1	0	0	0	0
49	100000	84703	14286	1000	10	1	0	0	0	0
50	100000	79478	20000	500	20	2	0	0	0	0
51	100000	79478	20000	500	20	2	0	0	0	0
52	100000	79478	20000	500	20	2	0	0	0	0
53	100000	79478	20000	500	20	2	0	0	0	0
54	100000	79478	20000	500	20	2	0	0	0	0
55	100000	79478	20000	500	20	2	0	0	0	0
56	100000	79478	20000	500	20	2	0	0	0	0
57	100000	79478	20000	500	20	2	0	0	0	0
58	100000	79478	20000	500	20	2	0	0	0	0
59	100000	79478	20000	500	20	2	0	0	0	0
60	100000	59420	40000	500	50	20	10	0	0	0
61	100000	59420	40000	500	50	20	10	0	0	0
62	100000	59420	40000	500	50	20	10	0	0	0
63	100000	59420	40000	500	50	20	10	0	0	0
64	100000	59420	40000	500	50	20	10	0	0	0
65	100000	59420	40000	500	50	20	10	0	0	0
66	100000	59420	40000	500	50	20	10	0	0	0
67	100000	59420	40000	500	50	20	10	0	0	0
68	100000	59420	40000	500	50	20	10	0	0	0
69	100000	59420	40000	500	50	20	10	0	0	0
70	100000	0	92125	5000	2500	250	125	0	0	0
71	100000	0	92125	5000	2500	250	125	0	0	0
72	100000	0	92125	5000	2500	250	125	0	0	0
73	100000	0	92125	5000	2500	250	125	0	0	0
74	100000	0	92125	5000	2500	250	125	0	0	0
75	100000	0	92125	5000	2500	250	125	0	0	0
76	100000	0	92125	5000	2500	250	125	0	0	0
77	100000	0	92125	5000	2500	250	125	0	0	0
78	100000	0	92125	5000	2500	250	125	0	0	0
79	100000	0	92125	5000	2500	250	125	0	0	0
80	1000000	0	658889	330000	10000	1000	100	10	1	0
81	1000000	0	658889	330000	10000	1000	100	10	1	0
82	1000000	0	658889	330000	10000	1000	100	10	1	0
83	1000000	0	658889	330000	10000	1000	100	10	1	0
84	1000000	0	658889	330000	10000	1000	100	10	1	0
85	1000000	0	658889	330000	10000	1000	100	10	1	0
86	1000000	0	658889	330000	10000	1000	100	10	1	0
87	1000000	0	658889	330000	10000	1000	100	10	1	0
88	1000000	0	658889	330000	10000	1000	100	10	1	0
89	1000000	0	658889	330000	10000	1000	100	10	1	0
90	10000	0	7504	2000	400	80	16	0	0	0
91	10000	0	7504	2000	400	80	16	0	0	0
92	10000	0	7504	2000	400	80	16	0	0	0
93	10000	0	7504	2000	400	80	16	0	0	0
94	10000	0	7504	2000	400	80	16	0	0	0
95	10000	0	7504	2000	400	80	16	0	0	0
96	10000	0	7504	2000	400	80	16	0	0	0
97	10000	0	7504	2000	400	80	16	0	0	0
98	10000	0	7504	2000	400	80	16	0	0	0
99	10000	0	7504	2000	400	80	16	0	0	0
100	10000	0	0	7374	2083	434	90	19	0	0
101	10000	0	0	7374	2083	434	90	19	0	0
102	10000	0	0	7374	2083	434	90	19	0	0
103	10000	0	0	7374	2083	434	90	19	0	0
104	10000	0	0	7374	2083	434	90	19	0	0
105	10000	0	0	7374	2083	434	90	19	0	0
106	10000	0	0	7374	2083	434	90	19	0	0
107	10000	0	0	7374	2083	434	90	19	0	0
108	10000	0	0	7374	2083	434	90	19	0	0
109	10000	0	0	7374	2083	434	90	19	0	0
110	10000	0	0	0	7066	2273	517	117	27	0
111	10000	0	0	0	7066	2273	517	117	27	0
112	10000	0	0	0	7066	2273	517	117	27	0
113	10000	0	0	0	7066	2273	517	117	27	0
114	10000	0	0	0	7066	2273	517	117	27	0
115	10000	0	0	0	7066	2273	517	117	27	0
116	10000	0	0	0	7066	2273	517	117	27	0
117	10000	0	0	0	7066	2273	517	117	27	0
118	10000	0	0	0	7066	2273	517	117	27	0
119	10000	0	0	0	7066	2273	517	117	27	0
120	10000	0	0	0	0	6680	2500	625	195	0
121	10000	0	0	0	0	6680	2500	625	195	0
122	10000	0	0	0	0	6680	2500	625	195	0
123	10000	0	0	0	0	6680	2500	625	195	0
124	10000	0	0	0	0	6680	2500	625	195	0
125	10000	0	0	0	0	6680	2500	625	195	0
126	10000	0	0	0	0	6680	2500	625	195	0
127	10000	0	0	0	0	6680	2500	625	195	0
128	10000	0	0	0	0	6680	2500	625	195	0
129	1000	0	0	0	0	100	800	500	300	10
130	1000000	0	239000	400000	200000	100000	50000	10000	1000	0
131	1000000	0	239000	400000	200000	100000	50000	10000	1000	0
132	1000000	0	239000	400000	200000	100000	50000	10000	1000	0
133	1000000	0	239000	400000	200000	100000	50000	10000	1000	0
134	1000000	0	239000	400000	200000	100000	50000	10000	1000	0
135	1000000	0	239000	400000	200000	100000	50000	10000	1000	0
136	1000000	0	239000	400000	200000	100000	50000	10000	1000	0
137	1000000	0	239000	400000	200000	100000	50000	10000	1000	0
138	1000000	0	239000	400000	200000	100000	50000	10000	1000	0
139	1000000	0	239000	400000	200000	100000	50000	10000	1000	0
140	10000	0	3450	4000	1500	750	300	0	0	0
141	10000	0	3450	4000	1500	750	300	0	0	0
142	10000	0	3450	4000	1500	750	300	0	0	0
143	10000	0	3450	4000	1500	750	300	0	0	0
144	10000	0	3450	4000	1500	750	300	0	0	0
145	10000	0	3450	4000	1500	750	300	0	0	0
146	10000	0	3450	4000	1500	750	300	0	0	0
147	10000	0	3450	4000	1500	750	300	0	0	0
148	10000	0	3450	4000	1500	750	300	0	0	0
149	10000	0	3450	4000	1500	750	300	0	0	0
150	10000	0	0	3450	4000	1500	750	300	0	0
151	10000	0	0	3450	4000	1500	750	300	0	0
152	10000	0	0	3450	4000	1500	750	300	0	0
153	10000	0	0	3450	4000	1500	750	300	0	0
154	10000	0	0	3450	4000	1500	750	300	0	0
155	10000	0	0	3450	4000	1500	750	300	0	0
156	10000	0	0	3450	4000	1500	750	300	0	0
157	10000	0	0	3450	4000	1500	750	300	0	0
158	10000	0	0	3450	4000	1500	750	300	0	0
159	10000	0	0	3450	4000	1500	750	300	0	0
160	10000	0	0	0	3450	4000	1500	750	300	0
161	10000	0	0	0	3450	4000	1500	750	300	0
162	10000	0	0	0	3450	4000	1500	750	300	0
163	10000	0	0	0	3450	4000	1500	750	300	0
164	10000	0	0	0	3450	4000	1500	750	300	0
165	10000	0	0	0	3450	4000	1500	750	300	0
166	10000	0	0	0	3450	4000	1500	750	300	0
167	10000	0	0	0	3450	4000	1500	750	300	0
168	10000	0	0	0	3450	4000	1500	750	300	0
169	10000	0	0	0	3450	4000	1500	750	300	0
170	10000	0	0	0	0	3000	4000	1500	1500	0
171	10000	0	0	0	0	3000	4000	1500	1500	0
172	10000	0	0	0	0	3000	4000	1500	1500	0
173	10000	0	0	0	0	3000	4000	1500	1500	0
174	10000	0	0	0	0	3000	4000	1500	1500	0
175	10000	0	0	0	0	3000	4000	1500	1500	0
176	10000	0	0	0	0	3000	4000	1500	1500	0
177	10000	0	0	0	0	3000	4000	1500	1500	0
178	10000	0	0	0	0	3000	4000	1500	1500	0
179	10000	0	0	0	0	3000	4000	1500	1500	0
180	10000	0	0	0	9000	1000	0	0	0	0
190	1000000	0	239000	400000	200000	100000	50000	10000	1000	0
191	1000000	0	239000	400000	200000	100000	50000	10000	1000	0
192	1000000	0	239000	400000	200000	100000	50000	10000	1000	0
193	1000000	0	239000	400000	200000	100000	50000	10000	1000	0
194	1000000	0	239000	400000	200000	100000	50000	10000	1000	0
195	1000000	0	239000	400000	200000	100000	50000	10000	1000	0
196	1000000	0	239000	400000	200000	100000	50000	10000	1000	0
197	1000000	0	239000	400000	200000	100000	50000	10000	1000	0
198	1000000	0	239000	400000	200000	100000	50000	10000	1000	0
199	1000000	0	239000	400000	200000	100000	50000	10000	1000	0
200	10000	0	3450	4000	1500	750	300	0	0	0
201	10000	0	3450	4000	1500	750	300	0	0	0
202	10000	0	3450	4000	1500	750	300	0	0	0
203	10000	0	3450	4000	1500	750	300	0	0	0
204	10000	0	3450	4000	1500	750	300	0	0	0
205	10000	0	3450	4000	1500	750	300	0	0	0
206	10000	0	3450	4000	1500	750	300	0	0	0
207	10000	0	3450	4000	1500	750	300	0	0	0
208	10000	0	3450	4000	1500	750	300	0	0	0
209	10000	0	3450	4000	1500	750	300	0	0	0
210	10000	0	0	3450	4000	1500	750	300	0	0
211	10000	0	0	3450	4000	1500	750	300	0	0
212	10000	0	0	3450	4000	1500	750	300	0	0
213	10000	0	0	3450	4000	1500	750	300	0	0
214	10000	0	0	3450	4000	1500	750	300	0	0
215	10000	0	0	3450	4000	1500	750	300	0	0
216	10000	0	0	3450	4000	1500	750	300	0	0
217	10000	0	0	3450	4000	1500	750	300	0	0
218	10000	0	0	3450	4000	1500	750	300	0	0
219	10000	0	0	3450	4000	1500	750	300	0	0
220	10000	0	0	0	3450	4000	1500	750	300	0
221	10000	0	0	0	3450	4000	1500	750	300	0
222	10000	0	0	0	3450	4000	1500	750	300	0
223	10000	0	0	0	3450	4000	1500	750	300	0
224	10000	0	0	0	3450	4000	1500	750	300	0
225	10000	0	0	0	3450	4000	1500	750	300	0
226	10000	0	0	0	3450	4000	1500	750	300	0
227	10000	0	0	0	3450	4000	1500	750	300	0
228	10000	0	0	0	3450	4000	1500	750	300	0
229	10000	0	0	0	3450	4000	1500	750	300	0
230	10000	0	0	0	0	3000	4000	1500	1500	0
231	10000	0	0	0	0	3000	4000	1500	1500	0
232	10000	0	0	0	0	3000	4000	1500	1500	0
233	10000	0	0	0	0	3000	4000	1500	1500	0
234	10000	0	0	0	0	3000	4000	1500	1500	0
235	10000	0	0	0	0	3000	4000	1500	1500	0
236	10000	0	0	0	0	3000	4000	1500	1500	0
237	10000	0	0	0	0	3000	4000	1500	1500	0
238	10000	0	0	0	0	3000	4000	1500	1500	0
239	10000	0	0	0	0	3000	4000	1500	1500	0
240	1000000	0	239000	400000	200000	100000	50000	10000	1000	0
241	1000000	0	239000	400000	200000	100000	50000	10000	1000	0
242	1000000	0	239000	400000	200000	100000	50000	10000	1000	0
243	1000000	0	239000	400000	200000	100000	50000	10000	1000	0
244	1000000	0	239000	400000	200000	100000	50000	10000	1000	0
245	1000000	0	239000	400000	200000	100000	50000	10000	1000	0
246	1000000	0	239000	400000	200000	100000	50000	10000	1000	0
247	1000000	0	239000	400000	200000	100000	50000	10000	1000	0
248	1000000	0	239000	400000	200000	100000	50000	10000	1000	0
249	1000000	0	239000	400000	200000	100000	50000	10000	1000	0
250	10000	0	3450	4000	1500	750	300	0	0	0
251	10000	0	3450	4000	1500	750	300	0	0	0
252	10000	0	3450	4000	1500	750	300	0	0	0
253	10000	0	3450	4000	1500	750	300	0	0	0
254	10000	0	3450	4000	1500	750	300	0	0	0
255	10000	0	3450	4000	1500	750	300	0	0	0
256	10000	0	3450	4000	1500	750	300	0	0	0
257	10000	0	3450	4000	1500	750	300	0	0	0
258	10000	0	3450	4000	1500	750	300	0	0	0
259	10000	0	3450	4000	1500	750	300	0	0	0
260	10000	0	0	3450	4000	1500	750	300	0	0
261	10000	0	0	3450	4000	1500	750	300	0	0
262	10000	0	0	3450	4000	1500	750	300	0	0
263	10000	0	0	3450	4000	1500	750	300	0	0
264	10000	0	0	3450	4000	1500	750	300	0	0
265	10000	0	0	3450	4000	1500	750	300	0	0
266	10000	0	0	3450	4000	1500	750	300	0	0
267	10000	0	0	3450	4000	1500	750	300	0	0
268	10000	0	0	3450	4000	1500	750	300	0	0
269	10000	0	0	3450	4000	1500	750	300	0	0
270	10000	0	0	0	3450	4000	1500	750	300	0
271	10000	0	0	0	3450	4000	1500	750	300	0
272	10000	0	0	0	3450	4000	1500	750	300	0
273	10000	0	0	0	3450	4000	1500	750	300	0
274	10000	0	0	0	3450	4000	1500	750	300	0
275	10000	0	0	0	3450	4000	1500	750	300	0
276	10000	0	0	0	3450	4000	1500	750	300	0
277	10000	0	0	0	3450	4000	1500	750	300	0
278	10000	0	0	0	3450	4000	1500	750	300	0
279	10000	0	0	0	3450	4000	1500	750	300	0
280	10000	0	0	0	0	3000	4000	1500	1500	0
281	10000	0	0	0	0	3000	4000	1500	1500	0
282	10000	0	0	0	0	3000	4000	1500	1500	0
283	10000	0	0	0	0	3000	4000	1500	1500	0
284	10000	0	0	0	0	3000	4000	1500	1500	0
285	10000	0	0	0	0	3000	4000	1500	1500	0
286	10000	0	0	0	0	3000	4000	1500	1500	0
287	10000	0	0	0	0	3000	4000	1500	1500	0
288	10000	0	0	0	0	3000	4000	1500	1500	0
289	10000	0	0	0	0	3000	4000	1500	1500	0
290	1000000	0	239000	400000	200000	100000	50000	10000	1000	0
291	1000000	0	239000	400000	200000	100000	50000	10000	1000	0
292	1000000	0	239000	400000	200000	100000	50000	10000	1000	0
293	1000000	0	239000	400000	200000	100000	50000	10000	1000	0
294	1000000	0	239000	400000	200000	100000	50000	10000	1000	0
295	1000000	0	239000	400000	200000	100000	50000	10000	1000	0
296	1000000	0	239000	400000	200000	100000	50000	10000	1000	0
297	1000000	0	239000	400000	200000	100000	50000	10000	1000	0
298	1000000	0	239000	400000	200000	100000	50000	10000	1000	0
299	1000000	0	239000	400000	200000	100000	50000	10000	1000	0
300	10000	0	3450	4000	1500	750	300	0	0	0
301	10000	0	3450	4000	1500	750	300	0	0	0
302	10000	0	3450	4000	1500	750	300	0	0	0
303	10000	0	3450	4000	1500	750	300	0	0	0
304	10000	0	3450	4000	1500	750	300	0	0	0
305	10000	0	3450	4000	1500	750	300	0	0	0
306	10000	0	3450	4000	1500	750	300	0	0	0
307	10000	0	3450	4000	1500	750	300	0	0	0
308	10000	0	3450	4000	1500	750	300	0	0	0
309	10000	0	3450	4000	1500	750	300	0	0	0
310	10000	0	0	3450	4000	1500	750	300	0	0
311	10000	0	0	3450	4000	1500	750	300	0	0
312	10000	0	0	3450	4000	1500	750	300	0	0
313	10000	0	0	3450	4000	1500	750	300	0	0
314	10000	0	0	3450	4000	1500	750	300	0	0
315	10000	0	0	3450	4000	1500	750	300	0	0
316	10000	0	0	3450	4000	1500	750	300	0	0
317	10000	0	0	3450	4000	1500	750	300	0	0
318	10000	0	0	3450	4000	1500	750	300	0	0
319	10000	0	0	3450	4000	1500	750	300	0	0
320	10000	0	0	0	3450	4000	1500	750	300	0
321	10000	0	0	0	3450	4000	1500	750	300	0
322	10000	0	0	0	3450	4000	1500	750	300	0
323	10000	0	0	0	3450	4000	1500	750	300	0
324	10000	0	0	0	3450	4000	1500	750	300	0
325	10000	0	0	0	3450	4000	1500	750	300	0
326	10000	0	0	0	3450	4000	1500	750	300	0
327	10000	0	0	0	3450	4000	1500	750	300	0
328	10000	0	0	0	3450	4000	1500	750	300	0
329	10000	0	0	0	3450	4000	1500	750	300	0
330	10000	0	0	0	0	3000	4000	1500	1500	0
331	10000	0	0	0	0	3000	4000	1500	1500	0
332	10000	0	0	0	0	3000	4000	1500	1500	0
333	10000	0	0	0	0	3000	4000	1500	1500	0
334	10000	0	0	0	0	3000	4000	1500	1500	0
335	10000	0	0	0	0	3000	4000	1500	1500	0
336	10000	0	0	0	0	3000	4000	1500	1500	0
337	10000	0	0	0	0	3000	4000	1500	1500	0
338	10000	0	0	0	0	3000	4000	1500	1500	0
339	10000	0	0	0	0	3000	4000	1500	1500	0
340	1000000	0	239000	400000	200000	100000	50000	10000	1000	0
341	1000000	0	239000	400000	200000	100000	50000	10000	1000	0
342	1000000	0	239000	400000	200000	100000	50000	10000	1000	0
343	1000000	0	239000	400000	200000	100000	50000	10000	1000	0
344	1000000	0	239000	400000	200000	100000	50000	10000	1000	0
345	1000000	0	239000	400000	200000	100000	50000	10000	1000	0
346	1000000	0	239000	400000	200000	100000	50000	10000	1000	0
347	1000000	0	239000	400000	200000	100000	50000	10000	1000	0
348	1000000	0	239000	400000	200000	100000	50000	10000	1000	0
349	1000000	0	239000	400000	200000	100000	50000	10000	1000	0
350	10000	0	3450	4000	1500	750	300	0	0	0
351	10000	0	3450	4000	1500	750	300	0	0	0
352	10000	0	3450	4000	1500	750	300	0	0	0
353	10000	0	3450	4000	1500	750	300	0	0	0
354	10000	0	3450	4000	1500	750	300	0	0	0
355	10000	0	3450	4000	1500	750	300	0	0	0
356	10000	0	3450	4000	1500	750	300	0	0	0
357	10000	0	3450	4000	1500	750	300	0	0	0
358	10000	0	3450	4000	1500	750	300	0	0	0
359	10000	0	3450	4000	1500	750	300	0	0	0
360	10000	0	0	3450	4000	1500	750	300	0	0
361	10000	0	0	3450	4000	1500	750	300	0	0
362	10000	0	0	3450	4000	1500	750	300	0	0
363	10000	0	0	3450	4000	1500	750	300	0	0
364	10000	0	0	3450	4000	1500	750	300	0	0
365	10000	0	0	3450	4000	1500	750	300	0	0
366	10000	0	0	3450	4000	1500	750	300	0	0
367	10000	0	0	3450	4000	1500	750	300	0	0
368	10000	0	0	3450	4000	1500	750	300	0	0
369	10000	0	0	3450	4000	1500	750	300	0	0
370	10000	0	0	0	3450	4000	1500	750	300	0
371	10000	0	0	0	3450	4000	1500	750	300	0
372	10000	0	0	0	3450	4000	1500	750	300	0
373	10000	0	0	0	3450	4000	1500	750	300	0
374	10000	0	0	0	3450	4000	1500	750	300	0
375	10000	0	0	0	3450	4000	1500	750	300	0
376	10000	0	0	0	3450	4000	1500	750	300	0
377	10000	0	0	0	3450	4000	1500	750	300	0
378	10000	0	0	0	3450	4000	1500	750	300	0
379	10000	0	0	0	3450	4000	1500	750	300	0
380	10000	0	0	0	0	3000	4000	1500	1500	0
381	10000	0	0	0	0	3000	4000	1500	1500	0
382	10000	0	0	0	0	3000	4000	1500	1500	0
383	10000	0	0	0	0	3000	4000	1500	1500	0
384	10000	0	0	0	0	3000	4000	1500	1500	0
385	10000	0	0	0	0	3000	4000	1500	1500	0
386	10000	0	0	0	0	3000	4000	1500	1500	0
387	10000	0	0	0	0	3000	4000	1500	1500	0
388	10000	0	0	0	0	3000	4000	1500	1500	0
389	10000	0	0	0	0	3000	4000	1500	1500	0
390	1000000	0	239000	400000	200000	100000	50000	10000	1000	0
391	1000000	0	239000	400000	200000	100000	50000	10000	1000	0
392	1000000	0	239000	400000	200000	100000	50000	10000	1000	0
393	1000000	0	239000	400000	200000	100000	50000	10000	1000	0
394	1000000	0	239000	400000	200000	100000	50000	10000	1000	0
395	1000000	0	239000	400000	200000	100000	50000	10000	1000	0
396	1000000	0	239000	400000	200000	100000	50000	10000	1000	0
397	1000000	0	239000	400000	200000	100000	50000	10000	1000	0
398	1000000	0	239000	400000	200000	100000	50000	10000	1000	0
399	1000000	0	239000	400000	200000	100000	50000	10000	1000	0
400	10000	0	3450	4000	1500	750	300	0	0	0
401	10000	0	3450	4000	1500	750	300	0	0	0
402	10000	0	3450	4000	1500	750	300	0	0	0
403	10000	0	3450	4000	1500	750	300	0	0	0
404	10000	0	3450	4000	1500	750	300	0	0	0
405	10000	0	3450	4000	1500	750	300	0	0	0
406	10000	0	3450	4000	1500	750	300	0	0	0
407	10000	0	3450	4000	1500	750	300	0	0	0
408	10000	0	3450	4000	1500	750	300	0	0	0
409	10000	0	3450	4000	1500	750	300	0	0	0
410	10000	0	0	3450	4000	1500	750	300	0	0
411	10000	0	0	3450	4000	1500	750	300	0	0
412	10000	0	0	3450	4000	1500	750	300	0	0
413	10000	0	0	3450	4000	1500	750	300	0	0
414	10000	0	0	3450	4000	1500	750	300	0	0
415	10000	0	0	3450	4000	1500	750	300	0	0
416	10000	0	0	3450	4000	1500	750	300	0	0
417	10000	0	0	3450	4000	1500	750	300	0	0
418	10000	0	0	3450	4000	1500	750	300	0	0
419	10000	0	0	3450	4000	1500	750	300	0	0
420	10000	0	0	0	3450	4000	1500	750	300	0
421	10000	0	0	0	3450	4000	1500	750	300	0
422	10000	0	0	0	3450	4000	1500	750	300	0
423	10000	0	0	0	3450	4000	1500	750	300	0
424	10000	0	0	0	3450	4000	1500	750	300	0
425	10000	0	0	0	3450	4000	1500	750	300	0
426	10000	0	0	0	3450	4000	1500	750	300	0
427	10000	0	0	0	3450	4000	1500	750	300	0
428	10000	0	0	0	3450	4000	1500	750	300	0
429	10000	0	0	0	3450	4000	1500	750	300	0
430	10000	0	0	0	0	3000	4000	1500	1500	0
431	10000	0	0	0	0	3000	4000	1500	1500	0
432	10000	0	0	0	0	3000	4000	1500	1500	0
433	10000	0	0	0	0	3000	4000	1500	1500	0
434	10000	0	0	0	0	3000	4000	1500	1500	0
435	10000	0	0	0	0	3000	4000	1500	1500	0
436	10000	0	0	0	0	3000	4000	1500	1500	0
437	10000	0	0	0	0	3000	4000	1500	1500	0
438	10000	0	0	0	0	3000	4000	1500	1500	0
439	10000	0	0	0	0	3000	4000	1500	1500	0
440	1000000	0	239000	400000	200000	100000	50000	10000	1000	0
441	1000000	0	239000	400000	200000	100000	50000	10000	1000	0
442	1000000	0	239000	400000	200000	100000	50000	10000	1000	0
443	1000000	0	239000	400000	200000	100000	50000	10000	1000	0
444	1000000	0	239000	400000	200000	100000	50000	10000	1000	0
445	1000000	0	239000	400000	200000	100000	50000	10000	1000	0
446	1000000	0	239000	400000	200000	100000	50000	10000	1000	0
447	1000000	0	239000	400000	200000	100000	50000	10000	1000	0
448	1000000	0	239000	400000	200000	100000	50000	10000	1000	0
449	1000000	0	239000	400000	200000	100000	50000	10000	1000	0
450	10000	0	3450	4000	1500	750	300	0	0	0
451	10000	0	3450	4000	1500	750	300	0	0	0
452	10000	0	3450	4000	1500	750	300	0	0	0
453	10000	0	3450	4000	1500	750	300	0	0	0
454	10000	0	3450	4000	1500	750	300	0	0	0
455	10000	0	3450	4000	1500	750	300	0	0	0
456	10000	0	3450	4000	1500	750	300	0	0	0
457	10000	0	3450	4000	1500	750	300	0	0	0
458	10000	0	3450	4000	1500	750	300	0	0	0
459	10000	0	3450	4000	1500	750	300	0	0	0
460	10000	0	0	3450	4000	1500	750	300	0	0
461	10000	0	0	3450	4000	1500	750	300	0	0
462	10000	0	0	3450	4000	1500	750	300	0	0
463	10000	0	0	3450	4000	1500	750	300	0	0
464	10000	0	0	3450	4000	1500	750	300	0	0
465	10000	0	0	3450	4000	1500	750	300	0	0
466	10000	0	0	3450	4000	1500	750	300	0	0
467	10000	0	0	3450	4000	1500	750	300	0	0
468	10000	0	0	3450	4000	1500	750	300	0	0
469	10000	0	0	3450	4000	1500	750	300	0	0
470	10000	0	0	0	3450	4000	1500	750	300	0
471	10000	0	0	0	3450	4000	1500	750	300	0
472	10000	0	0	0	3450	4000	1500	750	300	0
473	10000	0	0	0	3450	4000	1500	750	300	0
474	10000	0	0	0	3450	4000	1500	750	300	0
475	10000	0	0	0	3450	4000	1500	750	300	0
476	10000	0	0	0	3450	4000	1500	750	300	0
477	10000	0	0	0	3450	4000	1500	750	300	0
478	10000	0	0	0	3450	4000	1500	750	300	0
479	10000	0	0	0	3450	4000	1500	750	300	0
480	10000	0	0	0	0	3000	4000	1500	1500	0
481	10000	0	0	0	0	3000	4000	1500	1500	0
482	10000	0	0	0	0	3000	4000	1500	1500	0
483	10000	0	0	0	0	3000	4000	1500	1500	0
484	10000	0	0	0	0	3000	4000	1500	1500	0
485	10000	0	0	0	0	3000	4000	1500	1500	0
486	10000	0	0	0	0	3000	4000	1500	1500	0
487	10000	0	0	0	0	3000	4000	1500	1500	0
488	10000	0	0	0	0	3000	4000	1500	1500	0
489	10000	0	0	0	0	3000	4000	1500	1500	0
490	1000	0	0	0	0	885	100	10	5	0
491	1000	0	0	0	0	350	300	300	40	2
492	1000	0	0	0	0	400	300	230	50	8
493	1000	0	0	0	0	0	450	300	200	10
494	1000	0	0	0	0	0	420	320	200	20
495	1000	0	0	0	0	0	320	350	250	40
