INT	INT
ID	π÷ŒÔƒ£∞ÂID
1	700
2	701
3	702
4	703
5	704
6	705
7	706
8	707
9	708
10	709
11	710
12	711
13	712
14	713
15	714
16	715
17	716
18	717
19	718
20	719
21	720
22	721
23	722
24	723
25	724
26	725
27	726
28	727
29	728
30	729
31	730
32	731
33	732
34	733
35	734
36	735
37	736
38	737
39	738
40	739
41	740
42	741
43	742
44	743
45	744
46	745
47	746
48	747
49	748
50	749
51	750
52	751
53	752
54	753
55	754
56	755
57	756
58	757
59	758
60	759
61	760
62	761
63	762
64	763
65	764
66	765
67	766
68	767
69	768
70	769
71	770
72	771
73	772
74	773
75	774
76	775
77	776
78	777
79	778
80	779
81	780
82	781
83	782
84	783
85	784
86	785
87	786
88	787
89	788
90	789
91	790
92	791
93	792
94	793
95	794
96	795
97	796
98	797
99	798
100	799
101	800
102	801
103	802
104	803
105	804
106	805
107	806
108	807
109	808
110	809
111	810
112	811
113	812
114	813
115	814
116	815
117	816
118	817
119	818
120	819
121	820
122	821
123	822
124	823
125	824
126	825
127	826
128	827
129	828
130	829
131	830
132	831
133	832
134	833
135	834
136	835
137	836
138	837
139	838
140	839
141	840
142	841
143	842
144	843
145	844
146	845
147	846
148	847
149	848
150	849
151	850
152	851
153	852
154	853
155	854
156	855
157	856
158	857
159	858
160	859
161	860
162	861
163	862
164	863
165	864
166	865
167	866
168	867
169	868
170	869
171	870
172	871
173	872
174	873
175	874
176	875
177	876
178	877
179	878
180	879
181	1346
182	1347
183	1348
184	1349
185	1350
186	1351
187	1352
188	1353
189	1354
190	1355
191	1356
192	1357
193	1358
194	1359
195	1360
196	1361
197	1362
198	1363
199	1364
200	1365
201	1366
202	1367
203	1368
204	1369
205	1370
206	1371
207	1372
208	1640
209	1641
210	1642
211	1643
212	1644
213	1645
214	1646
215	1647
216	1648
217	1649
218	1650
219	1651
220	1652
221	1653
222	1654
223	1655
224	1656
225	1657
226	1658
227	1659
228	1660
229	1661
230	1662
231	1663
232	1664
233	1665
234	1666
235	1667
236	1668
237	1669
238	1670
239	1671
240	1672
241	1673
242	1674
243	1675
244	1676
245	1677
246	1678
247	1679
248	1680
249	1681
250	1682
251	1683
252	1684
253	1685
254	1686
255	1687
256	1688
257	1689
258	1690
259	1691
260	1692
261	1693
262	1694
263	1695
264	1696
265	1697
266	1698
267	1699
268	1700
269	1701
270	1702
271	1703
272	1704
273	1705
274	1706
275	1707
276	1708
277	1709
278	1710
279	1711
280	1712
281	1713
282	1714
283	1715
284	1716
285	1717
286	1718
287	1719
288	1720
289	1721
290	1722
291	1723
292	1724
293	1725
294	1726
295	1727
296	1728
297	1729
298	1730
299	1731
300	1732
301	1733
302	1734
303	1735
304	1736
305	1737
306	1738
307	1739
308	1740
309	1741
310	1742
311	1743
312	1744
313	1745
314	1746
315	1747
316	1748
317	1749
318	1750
319	1751
320	1752
321	1753
322	1754
323	1755
324	1756
325	1757
326	1758
327	1759
328	1760
329	1761
330	1762
331	1763
332	1764
333	1765
334	1766
335	1767
336	1768
337	1769
338	1850
339	1851
340	1852
341	1853
342	1854
343	1855
344	1856
345	1857
346	1858
347	1859
348	1870
349	1871
350	1872
351	1873
352	1874
353	1875
354	1876
355	1877
356	1878
357	1879
358	1910
359	1911
360	1912
361	1913
362	1914
363	1915
364	1916
365	1917
366	1918
367	1919
368	2360
369	2361
370	2362
371	2363
372	2364
373	2365
374	2366
375	2367
376	2368
377	2369
378	2380
379	2381
380	2382
381	2383
382	2384
383	2385
384	2386
385	2387
386	2388
387	2389
388	2390
389	2391
390	2392
391	2393
392	2394
393	2395
394	2396
395	2397
396	2398
397	2399
398	2400
399	2401
400	2402
401	2403
402	2404
403	2405
404	2406
405	2407
406	2408
407	2409
408	2450
409	2451
410	2452
411	2453
412	2454
413	2455
414	2456
415	2457
416	2458
417	2459
418	2460
419	2461
420	2462
421	2463
422	2464
423	2465
424	2466
425	2467
426	2468
427	2469
428	2470
429	2471
430	2472
431	2473
432	2474
433	2475
434	2476
435	2477
436	2478
437	2479
438	2480
439	2481
440	2482
441	2483
442	2484
443	2485
444	2486
445	2487
446	2488
447	2489
448	3650
449	3651
450	3652
451	3653
452	3654
453	3655
454	3656
455	3657
456	3658
457	3659
458	3670
459	3671
460	3672
461	3673
462	3674
463	3675
464	3676
465	3677
466	3678
467	3679
468	4010
469	4011
470	4012
471	4013
472	4014
473	4015
474	4016
475	4017
476	4018
477	4019
478	4020
479	4021
480	4022
481	4023
482	4024
483	4025
484	4026
485	4027
486	4028
487	4029
488	4030
489	4031
490	4032
491	4033
492	4034
493	4035
494	4036
495	4037
496	4038
497	4039
498	4040
499	4041
500	4042
501	4043
502	4044
503	4045
504	4046
505	4047
506	4048
507	4049
508	4080
509	4081
510	4082
511	4083
512	4084
513	4085
514	4086
515	4087
516	4088
517	4089
518	4090
519	4091
520	4092
521	4093
522	4094
523	4095
524	4096
525	4097
526	4098
527	4099
528	4100
529	4101
530	4102
531	4103
532	4104
533	4105
534	4106
535	4107
536	4108
537	4109
538	4120
539	4121
540	4122
541	4123
542	4124
543	4125
544	4126
545	4127
546	4128
547	4129
548	4130
549	4131
550	4132
551	4133
552	4134
553	4135
554	4136
555	4137
556	4138
557	4139
