INT	STRING	INT	INT	INT	INT	INT	INT	INT	INT	INT	INT	INT	INT	INT	INT	INT	INT	INT	INT	INT	INT	INT	INT	INT	INT	INT	INT	INT	INT	INT	INT	INT	INT	INT	INT	INT
套装编号	套装名字$1$	组件数	特效	绑定点	效果类型0	效果值	效果类型1	效果值	效果类型2	效果值	效果类型3	效果值	效果类型4	效果值	效果类型5	效果值	效果类型6	效果值	效果类型7	效果值	效果类型8	效果值	效果类型9	效果值	效果类型10	效果值	效果类型11	效果值	效果类型12	效果值	效果类型13	效果值	效果类型14	效果值	效果类型15	效果值
1	无相	3	-1	-1	-1	-1	42	10	0	966	-1	-1	-1	-1	-1	-1	-1	-1	-1	-1	-1	-1	-1	-1	-1	-1	-1	-1	-1	-1	-1	-1	-1	-1	-1	-1
2	韦陀	4	-1	-1	-1	-1	47	3	48	2	37	3	-1	-1	-1	-1	-1	-1	-1	-1	-1	-1	-1	-1	-1	-1	-1	-1	-1	-1	-1	-1	-1	-1	-1	-1
3	金刚	3	-1	-1	-1	-1	44	17	42	17	-1	-1	-1	-1	-1	-1	-1	-1	-1	-1	-1	-1	-1	-1	-1	-1	-1	-1	-1	-1	-1	-1	-1	-1	-1	-1
4	般若	4	-1	-1	-1	-1	22	196	13	2	48	3	-1	-1	-1	-1	-1	-1	-1	-1	-1	-1	-1	-1	-1	-1	-1	-1	-1	-1	-1	-1	-1	-1	-1	-1
5	罗汉	5	-1	-1	-1	-1	47	5	12	5	37	5	1	20	-1	-1	-1	-1	-1	-1	-1	-1	-1	-1	-1	-1	-1	-1	-1	-1	-1	-1	-1	-1	-1	-1
6	摩天	4	-1	-1	-1	-1	22	270	44	28	48	3	-1	-1	-1	-1	-1	-1	-1	-1	-1	-1	-1	-1	-1	-1	-1	-1	-1	-1	-1	-1	-1	-1	-1	-1
7	无尘	5	-1	-1	-1	-1	44	32	22	307	19	309	23	35	-1	-1	-1	-1	-1	-1	-1	-1	-1	-1	-1	-1	-1	-1	-1	-1	-1	-1	-1	-1	-1	-1
8	归埃	6	-1	-1	-1	-1	22	345	47	6	0	3919	37	6	1	20	-1	-1	-1	-1	-1	-1	-1	-1	-1	-1	-1	-1	-1	-1	-1	-1	-1	-1	-1	-1
9	修碧	4	-1	-1	-1	-1	22	382	29	382	48	12	-1	-1	-1	-1	-1	-1	-1	-1	-1	-1	-1	-1	-1	-1	-1	-1	-1	-1	-1	-1	-1	-1	-1	-1
10	心瀚	4	-1	-1	-1	-1	12	24	19	384	48	12	-1	-1	-1	-1	-1	-1	-1	-1	-1	-1	-1	-1	-1	-1	-1	-1	-1	-1	-1	-1	-1	-1	-1	-1
11	菩提	5	-1	-1	-1	-1	44	40	42	40	37	7	1	20	-1	-1	-1	-1	-1	-1	-1	-1	-1	-1	-1	-1	-1	-1	-1	-1	-1	-1	-1	-1	-1	-1
12	摩尼	3	-1	-1	-1	-1	19	48	42	6	-1	-1	-1	-1	-1	-1	-1	-1	-1	-1	-1	-1	-1	-1	-1	-1	-1	-1	-1	-1	-1	-1	-1	-1	-1	-1
13	揭谛	3	-1	-1	-1	-1	46	5	35	91	-1	-1	-1	-1	-1	-1	-1	-1	-1	-1	-1	-1	-1	-1	-1	-1	-1	-1	-1	-1	-1	-1	-1	-1	-1	-1
14	烈焰	4	-1	-1	-1	-1	47	3	48	2	37	3	-1	-1	-1	-1	-1	-1	-1	-1	-1	-1	-1	-1	-1	-1	-1	-1	-1	-1	-1	-1	-1	-1	-1	-1
15	怒焰	3	-1	-1	-1	-1	42	17	46	9	-1	-1	-1	-1	-1	-1	-1	-1	-1	-1	-1	-1	-1	-1	-1	-1	-1	-1	-1	-1	-1	-1	-1	-1	-1	-1
16	地火	4	-1	-1	-1	-1	19	197	10	2	48	3	-1	-1	-1	-1	-1	-1	-1	-1	-1	-1	-1	-1	-1	-1	-1	-1	-1	-1	-1	-1	-1	-1	-1	-1
17	归尘	5	-1	-1	-1	-1	47	5	9	5	37	5	1	20	-1	-1	-1	-1	-1	-1	-1	-1	-1	-1	-1	-1	-1	-1	-1	-1	-1	-1	-1	-1	-1	-1
18	天火	4	-1	-1	-1	-1	19	272	42	29	48	3	-1	-1	-1	-1	-1	-1	-1	-1	-1	-1	-1	-1	-1	-1	-1	-1	-1	-1	-1	-1	-1	-1	-1	-1
19	焚灭	5	-1	-1	-1	-1	42	33	19	309	22	307	20	35	-1	-1	-1	-1	-1	-1	-1	-1	-1	-1	-1	-1	-1	-1	-1	-1	-1	-1	-1	-1	-1	-1
20	圣火	6	-1	-1	-1	-1	19	346	47	6	35	385	37	6	1	20	-1	-1	-1	-1	-1	-1	-1	-1	-1	-1	-1	-1	-1	-1	-1	-1	-1	-1	-1	-1
21	炎日	4	-1	-1	-1	-1	22	382	36	143	48	12	-1	-1	-1	-1	-1	-1	-1	-1	-1	-1	-1	-1	-1	-1	-1	-1	-1	-1	-1	-1	-1	-1	-1	-1
22	冷月	4	-1	-1	-1	-1	9	24	19	384	48	12	-1	-1	-1	-1	-1	-1	-1	-1	-1	-1	-1	-1	-1	-1	-1	-1	-1	-1	-1	-1	-1	-1	-1	-1
23	九阳	5	-1	-1	-1	-1	42	40	46	33	37	7	1	20	-1	-1	-1	-1	-1	-1	-1	-1	-1	-1	-1	-1	-1	-1	-1	-1	-1	-1	-1	-1	-1	-1
24	降龙	3	-1	-1	-1	-1	19	48	46	3	-1	-1	-1	-1	-1	-1	-1	-1	-1	-1	-1	-1	-1	-1	-1	-1	-1	-1	-1	-1	-1	-1	-1	-1	-1	-1
25	潜龙	3	-1	-1	-1	-1	44	9	36	31	-1	-1	-1	-1	-1	-1	-1	-1	-1	-1	-1	-1	-1	-1	-1	-1	-1	-1	-1	-1	-1	-1	-1	-1	-1	-1
26	见龙	4	-1	-1	-1	-1	47	3	48	2	37	3	-1	-1	-1	-1	-1	-1	-1	-1	-1	-1	-1	-1	-1	-1	-1	-1	-1	-1	-1	-1	-1	-1	-1	-1
27	龙战	3	-1	-1	-1	-1	46	9	44	17	-1	-1	-1	-1	-1	-1	-1	-1	-1	-1	-1	-1	-1	-1	-1	-1	-1	-1	-1	-1	-1	-1	-1	-1	-1	-1
28	神龙	4	-1	-1	-1	-1	19	197	16	2	48	3	-1	-1	-1	-1	-1	-1	-1	-1	-1	-1	-1	-1	-1	-1	-1	-1	-1	-1	-1	-1	-1	-1	-1	-1
29	囚龙	5	-1	-1	-1	-1	47	5	15	5	37	5	1	20	-1	-1	-1	-1	-1	-1	-1	-1	-1	-1	-1	-1	-1	-1	-1	-1	-1	-1	-1	-1	-1	-1
30	升龙	4	-1	-1	-1	-1	19	272	46	16	48	3	-1	-1	-1	-1	-1	-1	-1	-1	-1	-1	-1	-1	-1	-1	-1	-1	-1	-1	-1	-1	-1	-1	-1	-1
31	游龙	5	-1	-1	-1	-1	44	32	19	309	22	307	20	35	-1	-1	-1	-1	-1	-1	-1	-1	-1	-1	-1	-1	-1	-1	-1	-1	-1	-1	-1	-1	-1	-1
32	擒龙	6	-1	-1	-1	-1	19	346	47	6	36	129	37	6	1	20	-1	-1	-1	-1	-1	-1	-1	-1	-1	-1	-1	-1	-1	-1	-1	-1	-1	-1	-1	-1
33	屠龙	4	-1	-1	-1	-1	22	382	36	143	48	12	-1	-1	-1	-1	-1	-1	-1	-1	-1	-1	-1	-1	-1	-1	-1	-1	-1	-1	-1	-1	-1	-1	-1	-1
34	斩龙	4	-1	-1	-1	-1	35	427	19	384	48	12	-1	-1	-1	-1	-1	-1	-1	-1	-1	-1	-1	-1	-1	-1	-1	-1	-1	-1	-1	-1	-1	-1	-1	-1
35	鲲鹏	5	-1	-1	-1	-1	44	40	46	33	37	7	1	20	-1	-1	-1	-1	-1	-1	-1	-1	-1	-1	-1	-1	-1	-1	-1	-1	-1	-1	-1	-1	-1	-1
36	无极	3	-1	-1	-1	-1	26	48	43	6	-1	-1	-1	-1	-1	-1	-1	-1	-1	-1	-1	-1	-1	-1	-1	-1	-1	-1	-1	-1	-1	-1	-1	-1	-1	-1
37	两仪	3	-1	-1	-1	-1	46	5	3	500	-1	-1	-1	-1	-1	-1	-1	-1	-1	-1	-1	-1	-1	-1	-1	-1	-1	-1	-1	-1	-1	-1	-1	-1	-1	-1
38	四象	4	-1	-1	-1	-1	47	3	48	2	37	3	-1	-1	-1	-1	-1	-1	-1	-1	-1	-1	-1	-1	-1	-1	-1	-1	-1	-1	-1	-1	-1	-1	-1	-1
39	六合	3	-1	-1	-1	-1	43	17	46	9	-1	-1	-1	-1	-1	-1	-1	-1	-1	-1	-1	-1	-1	-1	-1	-1	-1	-1	-1	-1	-1	-1	-1	-1	-1	-1
40	八卦	4	-1	-1	-1	-1	26	197	13	2	48	3	-1	-1	-1	-1	-1	-1	-1	-1	-1	-1	-1	-1	-1	-1	-1	-1	-1	-1	-1	-1	-1	-1	-1	-1
41	阴阳	5	-1	-1	-1	-1	47	5	12	5	37	5	1	20	-1	-1	-1	-1	-1	-1	-1	-1	-1	-1	-1	-1	-1	-1	-1	-1	-1	-1	-1	-1	-1	-1
42	形意	4	-1	-1	-1	-1	26	272	43	29	48	3	-1	-1	-1	-1	-1	-1	-1	-1	-1	-1	-1	-1	-1	-1	-1	-1	-1	-1	-1	-1	-1	-1	-1	-1
43	五行	5	-1	-1	-1	-1	43	33	26	309	22	307	27	35	-1	-1	-1	-1	-1	-1	-1	-1	-1	-1	-1	-1	-1	-1	-1	-1	-1	-1	-1	-1	-1	-1
44	太极	6	-1	-1	-1	-1	26	346	47	6	3	2017	37	6	1	20	-1	-1	-1	-1	-1	-1	-1	-1	-1	-1	-1	-1	-1	-1	-1	-1	-1	-1	-1	-1
45	寒雾	4	-1	-1	-1	-1	29	382	36	143	48	12	-1	-1	-1	-1	-1	-1	-1	-1	-1	-1	-1	-1	-1	-1	-1	-1	-1	-1	-1	-1	-1	-1	-1	-1
46	水曜	4	-1	-1	-1	-1	12	24	26	384	48	12	-1	-1	-1	-1	-1	-1	-1	-1	-1	-1	-1	-1	-1	-1	-1	-1	-1	-1	-1	-1	-1	-1	-1	-1
47	玄机	5	-1	-1	-1	-1	43	40	46	33	37	7	1	20	-1	-1	-1	-1	-1	-1	-1	-1	-1	-1	-1	-1	-1	-1	-1	-1	-1	-1	-1	-1	-1	-1
48	九阴	3	-1	-1	-1	-1	29	46	44	5	-1	-1	-1	-1	-1	-1	-1	-1	-1	-1	-1	-1	-1	-1	-1	-1	-1	-1	-1	-1	-1	-1	-1	-1	-1	-1
49	守心	3	-1	-1	-1	-1	45	9	0	966	-1	-1	-1	-1	-1	-1	-1	-1	-1	-1	-1	-1	-1	-1	-1	-1	-1	-1	-1	-1	-1	-1	-1	-1	-1	-1
50	九影	4	-1	-1	-1	-1	47	3	48	2	37	3	-1	-1	-1	-1	-1	-1	-1	-1	-1	-1	-1	-1	-1	-1	-1	-1	-1	-1	-1	-1	-1	-1	-1	-1
51	摄魂	3	-1	-1	-1	-1	44	17	45	17	-1	-1	-1	-1	-1	-1	-1	-1	-1	-1	-1	-1	-1	-1	-1	-1	-1	-1	-1	-1	-1	-1	-1	-1	-1	-1
52	控鹤	4	-1	-1	-1	-1	29	196	7	2	48	3	-1	-1	-1	-1	-1	-1	-1	-1	-1	-1	-1	-1	-1	-1	-1	-1	-1	-1	-1	-1	-1	-1	-1	-1
53	飘雪	5	-1	-1	-1	-1	47	5	6	5	37	5	1	20	-1	-1	-1	-1	-1	-1	-1	-1	-1	-1	-1	-1	-1	-1	-1	-1	-1	-1	-1	-1	-1	-1
54	鹤影	4	-1	-1	-1	-1	29	270	44	28	48	3	-1	-1	-1	-1	-1	-1	-1	-1	-1	-1	-1	-1	-1	-1	-1	-1	-1	-1	-1	-1	-1	-1	-1	-1
55	玉女	5	-1	-1	-1	-1	44	32	29	307	26	309	4	20	-1	-1	-1	-1	-1	-1	-1	-1	-1	-1	-1	-1	-1	-1	-1	-1	-1	-1	-1	-1	-1	-1
56	回心	6	-1	-1	-1	-1	29	345	47	6	0	3919	37	6	1	20	-1	-1	-1	-1	-1	-1	-1	-1	-1	-1	-1	-1	-1	-1	-1	-1	-1	-1	-1	-1
57	素女	4	-1	-1	-1	-1	29	382	3	2233	48	12	-1	-1	-1	-1	-1	-1	-1	-1	-1	-1	-1	-1	-1	-1	-1	-1	-1	-1	-1	-1	-1	-1	-1	-1
58	斩情	4	-1	-1	-1	-1	6	24	26	384	48	12	-1	-1	-1	-1	-1	-1	-1	-1	-1	-1	-1	-1	-1	-1	-1	-1	-1	-1	-1	-1	-1	-1	-1	-1
59	神噬	5	-1	-1	-1	-1	43	40	45	40	37	7	1	20	-1	-1	-1	-1	-1	-1	-1	-1	-1	-1	-1	-1	-1	-1	-1	-1	-1	-1	-1	-1	-1	-1
60	摘星	3	-1	-1	-1	-1	26	48	46	3	-1	-1	-1	-1	-1	-1	-1	-1	-1	-1	-1	-1	-1	-1	-1	-1	-1	-1	-1	-1	-1	-1	-1	-1	-1	-1
61	三阴	3	-1	-1	-1	-1	44	9	3	500	-1	-1	-1	-1	-1	-1	-1	-1	-1	-1	-1	-1	-1	-1	-1	-1	-1	-1	-1	-1	-1	-1	-1	-1	-1	-1
62	抽髓	4	-1	-1	-1	-1	47	3	48	2	37	3	-1	-1	-1	-1	-1	-1	-1	-1	-1	-1	-1	-1	-1	-1	-1	-1	-1	-1	-1	-1	-1	-1	-1	-1
63	缠魂	3	-1	-1	-1	-1	46	9	44	17	-1	-1	-1	-1	-1	-1	-1	-1	-1	-1	-1	-1	-1	-1	-1	-1	-1	-1	-1	-1	-1	-1	-1	-1	-1	-1
64	锁魂	4	-1	-1	-1	-1	26	197	16	2	48	3	-1	-1	-1	-1	-1	-1	-1	-1	-1	-1	-1	-1	-1	-1	-1	-1	-1	-1	-1	-1	-1	-1	-1	-1
65	夺魂	5	-1	-1	-1	-1	47	5	15	5	37	5	1	20	-1	-1	-1	-1	-1	-1	-1	-1	-1	-1	-1	-1	-1	-1	-1	-1	-1	-1	-1	-1	-1	-1
66	炼心	4	-1	-1	-1	-1	26	272	46	16	48	3	-1	-1	-1	-1	-1	-1	-1	-1	-1	-1	-1	-1	-1	-1	-1	-1	-1	-1	-1	-1	-1	-1	-1	-1
67	碧焰	5	-1	-1	-1	-1	44	32	26	309	29	307	27	35	-1	-1	-1	-1	-1	-1	-1	-1	-1	-1	-1	-1	-1	-1	-1	-1	-1	-1	-1	-1	-1	-1
68	神木	6	-1	-1	-1	-1	26	346	47	6	3	2017	37	6	1	20	-1	-1	-1	-1	-1	-1	-1	-1	-1	-1	-1	-1	-1	-1	-1	-1	-1	-1	-1	-1
69	三笑	4	-1	-1	-1	-1	29	382	0	4340	48	12	-1	-1	-1	-1	-1	-1	-1	-1	-1	-1	-1	-1	-1	-1	-1	-1	-1	-1	-1	-1	-1	-1	-1	-1
70	残魂	4	-1	-1	-1	-1	15	24	26	384	48	12	-1	-1	-1	-1	-1	-1	-1	-1	-1	-1	-1	-1	-1	-1	-1	-1	-1	-1	-1	-1	-1	-1	-1	-1
71	流魂	5	-1	-1	-1	-1	43	40	44	40	37	7	1	20	-1	-1	-1	-1	-1	-1	-1	-1	-1	-1	-1	-1	-1	-1	-1	-1	-1	-1	-1	-1	-1	-1
72	踏雪	3	-1	-1	-1	-1	19	48	46	3	-1	-1	-1	-1	-1	-1	-1	-1	-1	-1	-1	-1	-1	-1	-1	-1	-1	-1	-1	-1	-1	-1	-1	-1	-1	-1
73	葬花	3	-1	-1	-1	-1	42	10	35	91	-1	-1	-1	-1	-1	-1	-1	-1	-1	-1	-1	-1	-1	-1	-1	-1	-1	-1	-1	-1	-1	-1	-1	-1	-1	-1
74	卷无	4	-1	-1	-1	-1	47	3	48	2	37	3	-1	-1	-1	-1	-1	-1	-1	-1	-1	-1	-1	-1	-1	-1	-1	-1	-1	-1	-1	-1	-1	-1	-1	-1
75	真水	3	-1	-1	-1	-1	46	9	42	17	-1	-1	-1	-1	-1	-1	-1	-1	-1	-1	-1	-1	-1	-1	-1	-1	-1	-1	-1	-1	-1	-1	-1	-1	-1	-1
76	八荒	4	-1	-1	-1	-1	19	197	7	2	48	3	-1	-1	-1	-1	-1	-1	-1	-1	-1	-1	-1	-1	-1	-1	-1	-1	-1	-1	-1	-1	-1	-1	-1	-1
77	六阳	5	-1	-1	-1	-1	47	5	6	5	37	5	1	20	-1	-1	-1	-1	-1	-1	-1	-1	-1	-1	-1	-1	-1	-1	-1	-1	-1	-1	-1	-1	-1	-1
78	月凡	4	-1	-1	-1	-1	19	272	46	16	48	3	-1	-1	-1	-1	-1	-1	-1	-1	-1	-1	-1	-1	-1	-1	-1	-1	-1	-1	-1	-1	-1	-1	-1	-1
79	地鹤	5	-1	-1	-1	-1	42	33	19	309	29	307	20	35	-1	-1	-1	-1	-1	-1	-1	-1	-1	-1	-1	-1	-1	-1	-1	-1	-1	-1	-1	-1	-1	-1
80	心云	6	-1	-1	-1	-1	19	346	47	6	35	385	37	6	1	20	-1	-1	-1	-1	-1	-1	-1	-1	-1	-1	-1	-1	-1	-1	-1	-1	-1	-1	-1	-1
81	碎魂	4	-1	-1	-1	-1	22	382	36	143	48	12	-1	-1	-1	-1	-1	-1	-1	-1	-1	-1	-1	-1	-1	-1	-1	-1	-1	-1	-1	-1	-1	-1	-1	-1
82	迟悔	4	-1	-1	-1	-1	19	384	37	7	48	12	-1	-1	-1	-1	-1	-1	-1	-1	-1	-1	-1	-1	-1	-1	-1	-1	-1	-1	-1	-1	-1	-1	-1	-1
83	碧落	5	-1	-1	-1	-1	46	33	42	40	37	7	1	20	-1	-1	-1	-1	-1	-1	-1	-1	-1	-1	-1	-1	-1	-1	-1	-1	-1	-1	-1	-1	-1	-1
84	北冥	3	-1	-1	-1	-1	22	46	43	6	-1	-1	-1	-1	-1	-1	-1	-1	-1	-1	-1	-1	-1	-1	-1	-1	-1	-1	-1	-1	-1	-1	-1	-1	-1	-1
85	凌波	3	-1	-1	-1	-1	45	9	36	31	-1	-1	-1	-1	-1	-1	-1	-1	-1	-1	-1	-1	-1	-1	-1	-1	-1	-1	-1	-1	-1	-1	-1	-1	-1	-1
86	苍竹	4	-1	-1	-1	-1	47	3	48	2	37	3	-1	-1	-1	-1	-1	-1	-1	-1	-1	-1	-1	-1	-1	-1	-1	-1	-1	-1	-1	-1	-1	-1	-1	-1
87	折梅	3	-1	-1	-1	-1	43	17	45	17	-1	-1	-1	-1	-1	-1	-1	-1	-1	-1	-1	-1	-1	-1	-1	-1	-1	-1	-1	-1	-1	-1	-1	-1	-1	-1
88	纯阳	4	-1	-1	-1	-1	22	196	10	2	48	3	-1	-1	-1	-1	-1	-1	-1	-1	-1	-1	-1	-1	-1	-1	-1	-1	-1	-1	-1	-1	-1	-1	-1	-1
89	落英	5	-1	-1	-1	-1	47	5	9	5	37	5	1	20	-1	-1	-1	-1	-1	-1	-1	-1	-1	-1	-1	-1	-1	-1	-1	-1	-1	-1	-1	-1	-1	-1
90	遁甲	4	-1	-1	-1	-1	22	270	43	29	48	3	-1	-1	-1	-1	-1	-1	-1	-1	-1	-1	-1	-1	-1	-1	-1	-1	-1	-1	-1	-1	-1	-1	-1	-1
91	诛仙	5	-1	-1	-1	-1	43	33	22	307	26	309	4	20	-1	-1	-1	-1	-1	-1	-1	-1	-1	-1	-1	-1	-1	-1	-1	-1	-1	-1	-1	-1	-1	-1
92	凌烟	6	-1	-1	-1	-1	22	345	47	6	36	129	37	6	1	20	-1	-1	-1	-1	-1	-1	-1	-1	-1	-1	-1	-1	-1	-1	-1	-1	-1	-1	-1	-1
93	无涯	4	-1	-1	-1	-1	29	382	3	2233	48	12	-1	-1	-1	-1	-1	-1	-1	-1	-1	-1	-1	-1	-1	-1	-1	-1	-1	-1	-1	-1	-1	-1	-1	-1
94	秋水	4	-1	-1	-1	-1	9	24	26	384	48	12	-1	-1	-1	-1	-1	-1	-1	-1	-1	-1	-1	-1	-1	-1	-1	-1	-1	-1	-1	-1	-1	-1	-1	-1
95	行云	5	-1	-1	-1	-1	43	40	45	40	37	7	1	20	-1	-1	-1	-1	-1	-1	-1	-1	-1	-1	-1	-1	-1	-1	-1	-1	-1	-1	-1	-1	-1	-1
96	正阳	3	-1	-1	-1	-1	29	46	44	5	-1	-1	-1	-1	-1	-1	-1	-1	-1	-1	-1	-1	-1	-1	-1	-1	-1	-1	-1	-1	-1	-1	-1	-1	-1	-1
97	一阳	3	-1	-1	-1	-1	44	9	0	966	-1	-1	-1	-1	-1	-1	-1	-1	-1	-1	-1	-1	-1	-1	-1	-1	-1	-1	-1	-1	-1	-1	-1	-1	-1	-1
98	中冲	4	-1	-1	-1	-1	47	3	48	2	37	3	-1	-1	-1	-1	-1	-1	-1	-1	-1	-1	-1	-1	-1	-1	-1	-1	-1	-1	-1	-1	-1	-1	-1	-1
99	少商	3	-1	-1	-1	-1	44	17	44	17	-1	-1	-1	-1	-1	-1	-1	-1	-1	-1	-1	-1	-1	-1	-1	-1	-1	-1	-1	-1	-1	-1	-1	-1	-1	-1
100	少阳	4	-1	-1	-1	-1	29	196	32	2	48	3	-1	-1	-1	-1	-1	-1	-1	-1	-1	-1	-1	-1	-1	-1	-1	-1	-1	-1	-1	-1	-1	-1	-1	-1
101	商阳	5	-1	-1	-1	-1	47	5	25	3	37	5	1	20	-1	-1	-1	-1	-1	-1	-1	-1	-1	-1	-1	-1	-1	-1	-1	-1	-1	-1	-1	-1	-1	-1
102	关冲	4	-1	-1	-1	-1	29	270	44	28	48	3	-1	-1	-1	-1	-1	-1	-1	-1	-1	-1	-1	-1	-1	-1	-1	-1	-1	-1	-1	-1	-1	-1	-1	-1
103	少泽	5	-1	-1	-1	-1	44	32	29	307	22	307	23	35	-1	-1	-1	-1	-1	-1	-1	-1	-1	-1	-1	-1	-1	-1	-1	-1	-1	-1	-1	-1	-1	-1
104	天南	6	-1	-1	-1	-1	29	345	47	6	0	3919	37	6	1	20	-1	-1	-1	-1	-1	-1	-1	-1	-1	-1	-1	-1	-1	-1	-1	-1	-1	-1	-1	-1
105	雪月	4	-1	-1	-1	-1	22	382	29	382	48	12	-1	-1	-1	-1	-1	-1	-1	-1	-1	-1	-1	-1	-1	-1	-1	-1	-1	-1	-1	-1	-1	-1	-1	-1
106	枯心	4	-1	-1	-1	-1	19	384	26	384	48	12	-1	-1	-1	-1	-1	-1	-1	-1	-1	-1	-1	-1	-1	-1	-1	-1	-1	-1	-1	-1	-1	-1	-1	-1
107	苍玉	5	-1	-1	-1	-1	44	40	46	33	37	7	1	20	-1	-1	-1	-1	-1	-1	-1	-1	-1	-1	-1	-1	-1	-1	-1	-1	-1	-1	-1	-1	-1	-1
108	御赐精纺套	4	-1	-1	-1	-1	22	54	44	6	0	629	-1	-1	-1	-1	-1	-1	-1	-1	-1	-1	-1	-1	-1	-1	-1	-1	-1	-1	-1	-1	-1	-1	-1	-1
109	御赐熟铜套	4	-1	-1	-1	-1	42	8	35	78	0	840	-1	-1	-1	-1	-1	-1	-1	-1	-1	-1	-1	-1	-1	-1	-1	-1	-1	-1	-1	-1	-1	-1	-1	-1
110	御赐精钢套	4	-1	-1	-1	-1	42	13	35	129	0	1346	-1	-1	-1	-1	-1	-1	-1	-1	-1	-1	-1	-1	-1	-1	-1	-1	-1	-1	-1	-1	-1	-1	-1	-1
111	御赐黄金套	5	-1	-1	-1	-1	42	17	35	171	0	1768	36	57	-1	-1	-1	-1	-1	-1	-1	-1	-1	-1	-1	-1	-1	-1	-1	-1	-1	-1	-1	-1	-1	-1
112	御赐混沌套	5	-1	-1	-1	-1	42	21	35	213	0	2189	36	71	-1	-1	-1	-1	-1	-1	-1	-1	-1	-1	-1	-1	-1	-1	-1	-1	-1	-1	-1	-1	-1	-1
113	御赐飞虎套	6	-1	-1	-1	-1	42	25	35	255	0	2611	36	85	19	231	-1	-1	-1	-1	-1	-1	-1	-1	-1	-1	-1	-1	-1	-1	-1	-1	-1	-1	-1	-1
114	御赐天威套	6	-1	-1	-1	-1	42	28	35	297	0	3033	36	99	19	268	-1	-1	-1	-1	-1	-1	-1	-1	-1	-1	-1	-1	-1	-1	-1	-1	-1	-1	-1	-1
115	御赐蚕丝套	4	-1	-1	-1	-1	43	8	35	78	3	435	-1	-1	-1	-1	-1	-1	-1	-1	-1	-1	-1	-1	-1	-1	-1	-1	-1	-1	-1	-1	-1	-1	-1	-1
116	御赐绫罗套	4	-1	-1	-1	-1	43	13	35	129	3	695	-1	-1	-1	-1	-1	-1	-1	-1	-1	-1	-1	-1	-1	-1	-1	-1	-1	-1	-1	-1	-1	-1	-1	-1
117	御赐蜀锦套	5	-1	-1	-1	-1	43	17	35	171	3	912	36	57	-1	-1	-1	-1	-1	-1	-1	-1	-1	-1	-1	-1	-1	-1	-1	-1	-1	-1	-1	-1	-1	-1
118	御赐玄冥套	5	-1	-1	-1	-1	43	21	35	213	3	1128	36	71	-1	-1	-1	-1	-1	-1	-1	-1	-1	-1	-1	-1	-1	-1	-1	-1	-1	-1	-1	-1	-1	-1
119	御赐腾龙套	6	-1	-1	-1	-1	43	25	35	255	3	1345	36	85	26	231	-1	-1	-1	-1	-1	-1	-1	-1	-1	-1	-1	-1	-1	-1	-1	-1	-1	-1	-1	-1
120	御赐天机套	6	-1	-1	-1	-1	43	28	35	297	3	1562	36	99	26	268	-1	-1	-1	-1	-1	-1	-1	-1	-1	-1	-1	-1	-1	-1	-1	-1	-1	-1	-1	-1
121	蔡袅	4	-1	-1	-1	-1	3	478	0	924	37	2	-1	-1	-1	-1	-1	-1	-1	-1	-1	-1	-1	-1	-1	-1	-1	-1	-1	-1	-1	-1	-1	-1	-1	-1
122	御赐北斗套	6	-1	-1	-1	-1	42	32	35	339	0	3455	36	113	19	305	-1	-1	-1	-1	-1	-1	-1	-1	-1	-1	-1	-1	-1	-1	-1	-1	-1	-1	-1	-1
123	御赐霸主套	6	-1	-1	-1	-1	42	36	35	381	0	3876	36	127	19	343	-1	-1	-1	-1	-1	-1	-1	-1	-1	-1	-1	-1	-1	-1	-1	-1	-1	-1	-1	-1
124	御赐南箕套	6	-1	-1	-1	-1	43	32	35	339	3	1778	36	113	26	305	-1	-1	-1	-1	-1	-1	-1	-1	-1	-1	-1	-1	-1	-1	-1	-1	-1	-1	-1	-1
125	御赐王师套	6	-1	-1	-1	-1	43	36	35	381	3	1995	36	127	26	343	-1	-1	-1	-1	-1	-1	-1	-1	-1	-1	-1	-1	-1	-1	-1	-1	-1	-1	-1	-1
126	燕侯	5	-1	-1	-1	-1	47	4	0	2569	48	3	37	4	-1	-1	-1	-1	-1	-1	-1	-1	-1	-1	-1	-1	-1	-1	-1	-1	-1	-1	-1	-1	-1	-1
127	皓灵	5	-1	-1	-1	-1	47	5	0	2991	48	3	37	5	-1	-1	-1	-1	-1	-1	-1	-1	-1	-1	-1	-1	-1	-1	-1	-1	-1	-1	-1	-1	-1	-1
128	赤炼	5	-1	-1	-1	-1	47	6	0	3412	48	4	37	6	-1	-1	-1	-1	-1	-1	-1	-1	-1	-1	-1	-1	-1	-1	-1	-1	-1	-1	-1	-1	-1	-1
129	碧玉	4	-1	-1	-1	-1	16	70	16	60	16	50	-1	-1	-1	-1	-1	-1	-1	-1	-1	-1	-1	-1	-1	-1	-1	-1	-1	-1	-1	-1	-1	-1	-1	-1
130	寂灭	5	-1	-1	-1	-1	12	27	19	399	44	42	100	2921	-1	813	-1	-1	-1	-1	-1	-1	-1	-1	-1	-1	-1	-1	-1	-1	-1	-1	-1	-1	-1	-1
131	焚仙	5	-1	-1	-1	-1	9	27	19	399	35	444	100	2922	-1	814	-1	-1	-1	-1	-1	-1	-1	-1	-1	-1	-1	-1	-1	-1	-1	-1	-1	-1	-1	-1
132	啸天	5	-1	-1	-1	-1	15	27	9	27	36	148	100	2923	-1	815	-1	-1	-1	-1	-1	-1	-1	-1	-1	-1	-1	-1	-1	-1	-1	-1	-1	-1	-1	-1
133	诛魔	5	-1	-1	-1	-1	12	27	6	27	43	42	100	2924	-1	816	-1	-1	-1	-1	-1	-1	-1	-1	-1	-1	-1	-1	-1	-1	-1	-1	-1	-1	-1	-1
134	碧神	5	-1	-1	-1	-1	6	27	12	27	45	42	100	2925	-1	817	-1	-1	-1	-1	-1	-1	-1	-1	-1	-1	-1	-1	-1	-1	-1	-1	-1	-1	-1	-1
135	骨灵	5	-1	-1	-1	-1	15	27	26	399	0	4509	100	2926	-1	818	-1	-1	-1	-1	-1	-1	-1	-1	-1	-1	-1	-1	-1	-1	-1	-1	-1	-1	-1	-1
136	天隐	5	-1	-1	-1	-1	6	27	19	399	37	7	100	2927	-1	819	-1	-1	-1	-1	-1	-1	-1	-1	-1	-1	-1	-1	-1	-1	-1	-1	-1	-1	-1	-1
137	仙逸	5	-1	-1	-1	-1	9	27	15	27	3	2320	100	2928	-1	820	-1	-1	-1	-1	-1	-1	-1	-1	-1	-1	-1	-1	-1	-1	-1	-1	-1	-1	-1	-1
138	乌日	5	-1	-1	-1	-1	19	399	26	399	48	15	100	2929	-1	821	-1	-1	-1	-1	-1	-1	-1	-1	-1	-1	-1	-1	-1	-1	-1	-1	-1	-1	-1	-1
139	秦武	5	-1	-1	-1	-1	29	318	26	320	3	1865	0	3623	-1	-1	-1	-1	-1	-1	-1	-1	-1	-1	-1	-1	-1	-1	-1	-1	-1	-1	-1	-1	-1	-1
140	秦魂	5	-1	-1	-1	-1	29	356	26	358	3	2082	0	4045	-1	-1	-1	-1	-1	-1	-1	-1	-1	-1	-1	-1	-1	-1	-1	-1	-1	-1	-1	-1	-1	-1
141	秦武	5	-1	-1	-1	-1	22	318	19	320	3	1865	0	3623	-1	-1	-1	-1	-1	-1	-1	-1	-1	-1	-1	-1	-1	-1	-1	-1	-1	-1	-1	-1	-1	-1
142	秦魂	5	-1	-1	-1	-1	22	356	19	358	3	2082	0	4045	-1	-1	-1	-1	-1	-1	-1	-1	-1	-1	-1	-1	-1	-1	-1	-1	-1	-1	-1	-1	-1	-1
143	明月	4	-1	-1	-1	-1	43	31	26	290	18	20	-1	-1	-1	-1	-1	-1	-1	-1	-1	-1	-1	-1	-1	-1	-1	-1	-1	-1	-1	-1	-1	-1	-1	-1
144	碧天	4	-1	-1	-1	-1	42	31	19	290	18	20	-1	-1	-1	-1	-1	-1	-1	-1	-1	-1	-1	-1	-1	-1	-1	-1	-1	-1	-1	-1	-1	-1	-1	-1
145	渡泸	4	-1	-1	-1	-1	43	31	19	290	18	20	-1	-1	-1	-1	-1	-1	-1	-1	-1	-1	-1	-1	-1	-1	-1	-1	-1	-1	-1	-1	-1	-1	-1	-1
146	倚楼	4	-1	-1	-1	-1	46	17	35	322	18	20	-1	-1	-1	-1	-1	-1	-1	-1	-1	-1	-1	-1	-1	-1	-1	-1	-1	-1	-1	-1	-1	-1	-1	-1
147	玉骨	4	-1	-1	-1	-1	44	34	26	328	37	20	-1	-1	-1	-1	-1	-1	-1	-1	-1	-1	-1	-1	-1	-1	-1	-1	-1	-1	-1	-1	-1	-1	-1	-1
148	尘拂	4	-1	-1	-1	-1	44	34	19	328	37	20	-1	-1	-1	-1	-1	-1	-1	-1	-1	-1	-1	-1	-1	-1	-1	-1	-1	-1	-1	-1	-1	-1	-1	-1
149	香焚	4	-1	-1	-1	-1	42	35	26	328	37	20	-1	-1	-1	-1	-1	-1	-1	-1	-1	-1	-1	-1	-1	-1	-1	-1	-1	-1	-1	-1	-1	-1	-1	-1
150	琴横	4	-1	-1	-1	-1	44	34	22	326	37	20	-1	-1	-1	-1	-1	-1	-1	-1	-1	-1	-1	-1	-1	-1	-1	-1	-1	-1	-1	-1	-1	-1	-1	-1
151	雕阑	5	-1	-1	-1	-1	43	38	44	38	26	365	27	30	-1	-1	-1	-1	-1	-1	-1	-1	-1	-1	-1	-1	-1	-1	-1	-1	-1	-1	-1	-1	-1	-1
152	太阴	5	-1	-1	-1	-1	42	38	44	38	19	365	20	30	-1	-1	-1	-1	-1	-1	-1	-1	-1	-1	-1	-1	-1	-1	-1	-1	-1	-1	-1	-1	-1	-1
153	银筝	5	-1	-1	-1	-1	44	38	42	38	26	365	30	30	-1	-1	-1	-1	-1	-1	-1	-1	-1	-1	-1	-1	-1	-1	-1	-1	-1	-1	-1	-1	-1	-1
154	恨天	5	-1	-1	-1	-1	44	38	22	363	29	363	23	30	-1	-1	-1	-1	-1	-1	-1	-1	-1	-1	-1	-1	-1	-1	-1	-1	-1	-1	-1	-1	-1	-1
155	骠骑青铜套	7	-1	-1	-1	-1	42	13	35	129	19	119	0	1346	36	43	37	3	-1	-1	-1	-1	-1	-1	-1	-1	-1	-1	-1	-1	-1	-1	-1	-1	-1	-1
156	骠骑白银套	7	-1	-1	-1	-1	42	21	35	213	19	194	0	2189	36	71	37	4	-1	-1	-1	-1	-1	-1	-1	-1	-1	-1	-1	-1	-1	-1	-1	-1	-1	-1
157	骠骑黄金套	7	-1	-1	-1	-1	42	28	35	297	19	268	0	3033	36	99	37	5	-1	-1	-1	-1	-1	-1	-1	-1	-1	-1	-1	-1	-1	-1	-1	-1	-1	-1
158	骠骑白金套	7	-1	-1	-1	-1	42	36	35	381	19	343	0	3876	36	127	37	6	-1	-1	-1	-1	-1	-1	-1	-1	-1	-1	-1	-1	-1	-1	-1	-1	-1	-1
159	骠骑粗布套	7	-1	-1	-1	-1	43	13	35	129	26	119	3	695	36	43	37	3	-1	-1	-1	-1	-1	-1	-1	-1	-1	-1	-1	-1	-1	-1	-1	-1	-1	-1
160	骠骑绫罗套	7	-1	-1	-1	-1	43	21	35	213	26	194	3	1128	36	71	37	4	-1	-1	-1	-1	-1	-1	-1	-1	-1	-1	-1	-1	-1	-1	-1	-1	-1	-1
161	骠骑金丝套	7	-1	-1	-1	-1	43	28	35	297	26	268	3	1562	36	99	37	5	-1	-1	-1	-1	-1	-1	-1	-1	-1	-1	-1	-1	-1	-1	-1	-1	-1	-1
162	骠骑雕龙套	7	-1	-1	-1	-1	43	36	35	381	26	343	3	1995	36	127	37	6	-1	-1	-1	-1	-1	-1	-1	-1	-1	-1	-1	-1	-1	-1	-1	-1	-1	-1
163	无忧(海外)	5	-1	-1	-1	-1	3	478	0	924	37	2	36	36	-1	-1	-1	-1	-1	-1	-1	-1	-1	-1	-1	-1	-1	-1	-1	-1	-1	-1	-1	-1	-1	-1
164	碧柳	3	-1	-1	-1	-1	26	48	46	3	-1	-1	-1	-1	-1	-1	-1	-1	-1	-1	-1	-1	-1	-1	-1	-1	-1	-1	-1	-1	-1	-1	-1	-1	-1	-1
165	青荷	3	-1	-1	-1	-1	44	9	36	31	-1	-1	-1	-1	-1	-1	-1	-1	-1	-1	-1	-1	-1	-1	-1	-1	-1	-1	-1	-1	-1	-1	-1	-1	-1	-1
166	逝水	4	-1	-1	-1	-1	22	121	48	2	37	3	-1	-1	-1	-1	-1	-1	-1	-1	-1	-1	-1	-1	-1	-1	-1	-1	-1	-1	-1	-1	-1	-1	-1	-1
167	映月	3	-1	-1	-1	-1	43	17	44	17	-1	-1	-1	-1	-1	-1	-1	-1	-1	-1	-1	-1	-1	-1	-1	-1	-1	-1	-1	-1	-1	-1	-1	-1	-1	-1
168	灿星	4	-1	-1	-1	-1	26	197	13	2	48	3	-1	-1	-1	-1	-1	-1	-1	-1	-1	-1	-1	-1	-1	-1	-1	-1	-1	-1	-1	-1	-1	-1	-1	-1
169	雷袭	5	-1	-1	-1	-1	26	235	12	5	37	5	1	20	-1	-1	-1	-1	-1	-1	-1	-1	-1	-1	-1	-1	-1	-1	-1	-1	-1	-1	-1	-1	-1	-1
170	翔空	4	-1	-1	-1	-1	43	29	44	28	48	3	-1	-1	-1	-1	-1	-1	-1	-1	-1	-1	-1	-1	-1	-1	-1	-1	-1	-1	-1	-1	-1	-1	-1	-1
171	寒霜	5	-1	-1	-1	-1	44	32	26	309	22	307	27	35	-1	-1	-1	-1	-1	-1	-1	-1	-1	-1	-1	-1	-1	-1	-1	-1	-1	-1	-1	-1	-1	-1
172	玄宇	6	-1	-1	-1	-1	26	346	47	6	0	3919	37	6	1	20	-1	-1	-1	-1	-1	-1	-1	-1	-1	-1	-1	-1	-1	-1	-1	-1	-1	-1	-1	-1
173	血刃	4	-1	-1	-1	-1	35	427	36	143	48	12	-1	-1	-1	-1	-1	-1	-1	-1	-1	-1	-1	-1	-1	-1	-1	-1	-1	-1	-1	-1	-1	-1	-1	-1
174	怒缨	4	-1	-1	-1	-1	26	384	44	40	48	12	-1	-1	-1	-1	-1	-1	-1	-1	-1	-1	-1	-1	-1	-1	-1	-1	-1	-1	-1	-1	-1	-1	-1	-1
175	锐锋	5	-1	-1	-1	-1	44	40	46	22	43	40	1	20	-1	-1	-1	-1	-1	-1	-1	-1	-1	-1	-1	-1	-1	-1	-1	-1	-1	-1	-1	-1	-1	-1
176	斗转	5	-1	-1	-1	-1	12	27	26	399	44	42	100	2967	-1	1209	-1	-1	-1	-1	-1	-1	-1	-1	-1	-1	-1	-1	-1	-1	-1	-1	-1	-1	-1	-1
177	无忧	5	-1	-1	-1	-1	22	99	29	99	36	36	35	108	-1	-1	-1	-1	-1	-1	-1	-1	-1	-1	-1	-1	-1	-1	-1	-1	-1	-1	-1	-1	-1	-1
178	潇遐	4	-1	-1	-1	-1	0	1135	19	100	26	100	-1	-1	-1	-1	-1	-1	-1	-1	-1	-1	-1	-1	-1	-1	-1	-1	-1	-1	-1	-1	-1	-1	-1	-1
180	初尘	4	-1	-1	-1	-1	0	1135	19	100	26	100	-1	-1	-1	-1	-1	-1	-1	-1	-1	-1	-1	-1	-1	-1	-1	-1	-1	-1	-1	-1	-1	-1	-1	-1
181	畅游迎宾	4	-1	-1	-1	-1	0	1135	19	100	26	100	-1	-1	-1	-1	-1	-1	-1	-1	-1	-1	-1	-1	-1	-1	-1	-1	-1	-1	-1	-1	-1	-1	-1	-1
182	重楼	3	-1	-1	-1	-1	1	50	38	30	-1	-1	-1	-1	-1	-1	-1	-1	-1	-1	-1	-1	-1	-1	-1	-1	-1	-1	-1	-1	-1	-1	-1	-1	-1	-1
183	海外新程	5	-1	-1	-1	-1	22	99	29	99	36	36	35	108	-1	-1	-1	-1	-1	-1	-1	-1	-1	-1	-1	-1	-1	-1	-1	-1	-1	-1	-1	-1	-1	-1
184	冰凝风寒	5	-1	-1	-1	-1	6	28	35	546	44	34	100	2973	-1	1287	-1	-1	-1	-1	-1	-1	-1	-1	-1	-1	-1	-1	-1	-1	-1	-1	-1	-1	-1	-1
185	火炽焚焰	5	-1	-1	-1	-1	9	28	35	546	44	34	100	2974	-1	1288	-1	-1	-1	-1	-1	-1	-1	-1	-1	-1	-1	-1	-1	-1	-1	-1	-1	-1	-1	-1
186	玄光雷煞	5	-1	-1	-1	-1	12	28	35	546	44	34	100	2975	-1	1289	-1	-1	-1	-1	-1	-1	-1	-1	-1	-1	-1	-1	-1	-1	-1	-1	-1	-1	-1	-1
187	毒影瘴华	5	-1	-1	-1	-1	15	28	35	546	44	34	100	2976	-1	1290	-1	-1	-1	-1	-1	-1	-1	-1	-1	-1	-1	-1	-1	-1	-1	-1	-1	-1	-1	-1
188	冰粹影月	5	-1	-1	-1	-1	6	32	35	609	44	38	100	2977	-1	1291	-1	-1	-1	-1	-1	-1	-1	-1	-1	-1	-1	-1	-1	-1	-1	-1	-1	-1	-1	-1
189	火映烈阳	5	-1	-1	-1	-1	9	32	35	609	44	38	100	2978	-1	1292	-1	-1	-1	-1	-1	-1	-1	-1	-1	-1	-1	-1	-1	-1	-1	-1	-1	-1	-1	-1
190	玄明耀辰	5	-1	-1	-1	-1	12	32	35	609	44	38	100	2979	-1	1293	-1	-1	-1	-1	-1	-1	-1	-1	-1	-1	-1	-1	-1	-1	-1	-1	-1	-1	-1	-1
191	毒冥黯灭	5	-1	-1	-1	-1	15	32	35	609	44	38	100	2980	-1	1294	-1	-1	-1	-1	-1	-1	-1	-1	-1	-1	-1	-1	-1	-1	-1	-1	-1	-1	-1	-1
192	翔龙	4	-1	-1	-1	-1	19	100	26	100	48	10	-1	-1	-1	-1	-1	-1	-1	-1	-1	-1	-1	-1	-1	-1	-1	-1	-1	-1	-1	-1	-1	-1	-1	-1
193	雷霆套	9	-1	-1	-1	-1	-1	-1	-1	-1	-1	-1	20	15	27	15	37	100	39	5	48	1200	-1	-1	-1	-1	-1	-1	-1	-1	-1	-1	-1	-1	-1	-1
194	通天套	9	-1	-1	-1	-1	-1	-1	-1	-1	-1	-1	20	22	27	22	37	300	39	15	48	2500	-1	-1	-1	-1	-1	-1	-1	-1	-1	-1	-1	-1	-1	-1
195	星辰套	9	-1	-1	-1	-1	-1	-1	-1	-1	-1	-1	20	35	27	35	37	1000	39	25	48	5000	-1	-1	-1	-1	-1	-1	-1	-1	-1	-1	-1	-1	-1	-1
