INT	INT	INT	STRING	INT	INT	INT
Index	有效期(小时)	传输颜色	附加属性描述$1$	是否显示	元宝交易类型:0可元宝交易，1不可元宝交易，2即可元宝交易也可金币交易	卖店是否获得交子，1获得交子，0获得金币
10124009	-1	2005	-1		1	0
10124010	-1	2005	-1		1	0
10124011	-1	2005	-1		1	0
10124012	-1	2005	-1		1	0
10124013	-1	2005	-1		1	0
10124014	-1	2005	-1		1	0
10124015	-1	2005	-1		1	0
10124016	-1	2005	-1		1	0
10124017	-1	2005	-1		1	0
10124018	720	2005	-1		1	0
10124019	720	2005	-1		1	0
10124020	2160	2005	-1		1	0
10124021	2160	2005	-1		1	0
10124022	720	2005	-1		1	0
10124023	720	2005	-1		1	0
10124024	720	2005	-1		1	0
10124025	720	2005	-1		1	0
10124026	2160	2005	-1		1	0
10124027	2160	2005	-1		1	0
10124030	2160	2005	-1		1	0
10124031	2160	2005	-1		1	0
10124032	2160	2005	-1		1	0
10124033	2160	2005	-1		1	0
10124034	2160	2005	-1		1	0
10124035	-1	2005	-1		1	0
10124036	-1	2005	-1		1	0
10124039	-1	2005	-1		1	0
10124040	-1	2005	-1		1	0
10124041	-1	2005	-1		1	0
10124042	-1	2005	-1		1	0
10124043	720	2005	-1		1	0
10124044	720	2005	-1		1	0
10124045	720	2005	-1		1	0
10124046	720	2005	-1		1	0
10124047	720	2005	-1		1	0
10124048	720	2005	-1		1	0
10124049	720	2005	-1		1	0
10124050	720	2005	-1		1	0
10124051	2160	2005	-1		1	0
10124052	2160	2005	-1		1	0
10124053	2160	2005	-1		1	0
10124054	2160	2005	-1		1	0
10124055	2160	2005	-1		1	0
10124056	2160	2005	-1		1	0
10124057	2160	2005	-1		1	0
10124058	2160	2005	-1		1	0
10124059	-1	2005	-1		1	0
10124060	-1	2005	-1		1	0
10124061	-1	2005	-1		1	0
10124062	-1	2005	-1		1	0
10124063	-1	2005	-1		1	0
10124064	-1	2005	-1		1	0
10124065	-1	2005	-1		1	0
10124066	-1	2005	-1		1	0
10124067	720	2005	-1		1	0
10124068	2160	2005	-1		1	0
10124069	-1	2005	-1		1	0
10124070	720	2005	-1		1	0
10124071	720	2005	-1		1	0
10124072	-1	2005	-1		1	0
10124073	720	2005	-1		1	0
10124074	2160	2005	-1		1	0
10124075	-1	2005	-1		1	0
10124076	720	2005	-1		1	0
10124077	720	2005	-1		1	0
10124078	720	2005	-1		1	0
10124079	720	2005	-1		1	0
10124080	720	2005	-1		1	0
10124081	720	2005	-1		1	0
10124082	1440	2005	-1		1	0
10124083	720	2005	-1		1	0
10124084	2160	2005	-1		1	0
10124085	-1	2005	-1		1	0
10124086	4320	2005	-1		1	0
10124087	2160	2005	-1		1	0
10124088	2160	2005	-1		1	0
10124089	720	2005	-1		1	0
10124090	2160	2005	-1		1	0
10124091	-1	2005	-1		1	0
10124092	720	2005	-1		1	0
10124093	2160	2005	-1		1	0
10124094	-1	2005	-1		1	0
10124095	720	2005	-1		1	0
10124096	2160	2005	-1		1	0
10124097	-1	2005	-1		1	0
10124098	720	2005	-1		1	0
10124099	2160	2005	-1		1	0
10124100	-1	2005	-1		1	0
10124101	720	2005	-1		1	0
10124102	2160	2005	-1		1	0
10124103	-1	2005	-1		1	0
10124104	720	2005	-1		1	0
10124105	2160	2005	-1		1	0
10124106	-1	2005	-1		1	0
10124107	720	2005	-1		1	0
10124108	2160	2005	-1		1	0
10124109	-1	2005	-1		1	0
10124110	2160	2005	-1		1	0
10124111	168	2005	-1		1	0
10124112	720	2005	-1		1	0
10124113	-1	2005	-1		1	0
10124114	-1	2005	-1		1	0
10124115	-1	2005	-1		1	0
10124116	-1	2005	-1		1	0
10124117	-1	2005	-1		1	0
10124118	-1	2005	-1		1	0
10124119	-1	2005	-1		1	0
10124120	-1	2005	-1		1	0
10124121	-1	2005	-1		1	0
10124122	24	2005	-1		1	0
10124123	24	2005	-1		1	0
10124124	720	2005	-1		1	0
10124125	2160	2005	-1		1	0
10124126	-1	2005	-1		1	0
10124127	720	2005	-1		1	0
10124128	2160	2005	-1		1	0
10124129	-1	2005	-1		1	0
10124130	720	2005	-1		1	0
10124131	720	2005	-1		1	0
10124132	2160	2005	-1		1	0
10124133	-1	2005	-1		1	0
10124134	720	2005	-1		1	0
10124135	720	2005	-1		1	0
10124136	2160	2005	-1		1	0
10124137	-1	2005	-1		1	0
10124138	720	2005	-1		1	0
10124139	2160	2005	-1		1	0
10124140	-1	2005	-1		1	0
10124141	168	2005	-1		1	0
10124142	720	2005	-1		1	0
10124143	720	2005	-1		1	0
10124144	720	2005	-1		1	0
10124145	720	2005	-1		1	0
10124146	720	2005	-1		1	0
10124147	720	2005	-1		1	0
10124148	720	2005	-1		1	0
10124149	720	2005	-1		1	0
10124150	720	2005	-1		1	0
10124151	720	2005	-1		1	0
10124152	72	2005	-1		1	0
10124153	168	2005	-1		1	0
10124154	720	2005	-1		1	0
10124155	2160	2005	-1		1	0
10124156	-1	2005	-1		1	0
10124322	-1	2005	-1		1	0
10124323	-1	2005	-1		1	0
10124324	-1	2005	-1		1	0
10124325	-1	2005	-1		1	0
10124326	-1	2005	-1		1	0
10124327	-1	2005	-1		1	0
10124328	-1	2005	-1		1	0
10124329	-1	2005	-1		1	0
10124330	-1	2005	-1		1	0
10124331	-1	2005	-1		1	0
10124335	-1	2005	-1		1	0
10124346	-1	2005	-1		1	0
10124350	-1	2005	-1		1	0
10141041	2160	2005	-1		1	0
10141042	840	2005	-1		1	0
10141043	2160	2005	-1		1	0
10141044	2160	2005	-1		1	0
10141045	2160	2005	-1		1	0
10141046	2160	2005	-1		1	0
10141047	2160	2005	-1		1	0
10141048	2160	2005	-1		1	0
10141049	2160	2005	-1		1	0
10141052	-1	2005	-1		1	0
10141053	-1	2005	-1		1	0
10141054	-1	2005	-1		1	0
10141055	-1	2005	-1		1	0
10141056	-1	2005	-1		1	0
10141057	-1	2005	-1		1	0
10141058	-1	2005	-1		1	0
10141059	-1	2005	-1		1	0
10141060	2160	2005	-1		1	0
10141061	2160	2005	-1		1	0
10141062	2160	2005	-1		1	0
10141063	2160	2005	-1		1	0
10141064	2160	2005	-1		1	0
10141065	2160	2005	-1		1	0
10141066	-1	2005	-1		1	0
10141067	-1	2005	-1		1	0
10141068	-1	2005	-1		1	0
10141069	-1	2005	-1		1	0
10141070	-1	2005	-1		1	0
10141071	-1	2005	-1		1	0
10141072	4320	2005	-1		1	0
10141073	4320	2005	-1		1	0
10141074	4320	2005	-1		1	0
10141075	4320	2005	-1		1	0
10141076	4320	2005	-1		1	0
10141077	4320	2005	-1		1	0
10141078	4320	2005	-1		1	0
10141079	4320	2005	-1		1	0
10141080	4320	2005	-1		1	0
10141081	2160	2005	-1		1	0
10141082	4320	2005	-1		1	0
10141083	-1	2005	-1		1	0
10141084	2160	2005	-1		1	0
10141085	4320	2005	-1		1	0
10141086	-1	2005	-1		1	0
10141087	2160	2005	-1		1	0
10141088	4320	2005	-1		1	0
10141089	-1	2005	-1		1	0
10141090	720	2005	-1		1	0
10141091	2160	2005	-1		1	0
10141092	-1	2005	-1		1	0
10141093	2160	2005	-1		1	0
10141094	4320	2005	-1		1	0
10141095	-1	2005	-1		1	0
10141102	2160	2005	-1		1	0
10141103	4320	2005	-1		1	0
10141104	-1	2005	-1		1	0
10141105	168	2005	-1		1	0
10141106	168	2005	-1		1	0
10141107	168	2005	-1		1	0
10141108	168	2005	-1		1	0
10141109	168	2005	-1		1	0
10141110	168	2005	-1		1	0
10141111	2160	2005	-1		1	0
10141112	4320	2005	-1		1	0
10141113	-1	2005	-1		1	0
10141114	720	2005	-1		1	0
10141115	720	2005	-1		1	0
10141116	2160	2005	-1		1	0
10141117	4320	2005	-1		1	0
10141118	-1	2005	-1		1	0
10141119	720	2005	-1		1	0
10141120	720	2005	-1		1	0
10141121	168	2005	-1		1	0
10141122	2160	2005	-1		1	0
10141123	4320	2005	-1		1	0
10141124	-1	2005	-1		1	0
10141125	2160	2005	-1		1	0
10141126	4320	2005	-1		1	0
10141127	-1	2005	-1		1	0
10141128	2160	2005	-1		1	0
10141129	4320	2005	-1		1	0
10141130	-1	2005	-1		1	0
10141131	720	2005	-1		1	0
10141132	720	2005	-1		1	0
10141133	720	2005	-1		1	0
10141134	72	2005	-1		1	0
10141135	72	2005	-1		1	0
10141136	720	2005	-1		1	0
10141137	2160	2005	-1		1	0
10141138	4320	2005	-1		1	0
10141139	-1	2005	-1		1	0
10141140	720	2005	-1		1	0
10141141	2160	2005	-1		1	0
10141142	4320	2005	-1		1	0
10141143	-1	2005	-1		1	0
10141145	720	2005	-1		1	0
10141149	-1	2005	-1		1	0
10141155	-1	2005	-1		1	0
10141159	-1	2005	-1		1	0
10141163	-1	2005	-1		1	0
10141167	-1	2005	-1		1	0
10141171	-1	2005	-1		1	0
10141175	-1	2005	-1		1	0
10141179	-1	2005	-1		1	0
10141183	-1	2005	-1		1	0
10141187	-1	2005	-1		1	0
10141192	-1	2005	-1		1	0
10141197	-1	2005	-1		1	0
10141201	-1	2005	-1		1	0
10141216	-1	2005	-1		1	0
10141217	-1	2005	-1		1	0
10141219	-1	2005	-1		1	0
10141220	-1	2005	-1		1	0
10141224	-1	2005	-1		1	0
10141226	-1	2005	-1		1	0
10141227	-1	2005	-1		1	0
10141230	-1	2005	-1		1	0
10141233	-1	2005	-1		1	0
10141237	-1	2005	-1		1	0
10141241	-1	2005	-1		1	0
10141245	-1	2005	-1		1	0
10141250	-1	2005	-1		1	0
10141254	-1	2005	-1		1	0
10141258	-1	2005	-1		1	0
10141263	-1	2005	-1		1	0
10141266	-1	2005	-1		1	0
10141271	-1	2005	-1		1	0
10141275	-1	2005	-1		1	0
10141288	-1	2005	-1		1	0
10141292	-1	2005	-1		1	0
10141296	-1	2005	-1		1	0
10141300	-1	2005	-1		1	0
10141304	-1	2005	-1		1	0
10141308	-1	2005	-1		1	0
10141315	-1	2005	-1		1	0
10141317	-1	2005	-1		1	0
10141323	-1	2005	-1		1	0
10141328	-1	2005	-1		1	0
10141333	-1	2005	-1		1	0
10141335	-1	2005	-1		1	0
10141336	-1	2005	-1		1	0
10141337	-1	2005	-1		1	0
10141338	-1	2005	-1		1	0
10141366	-1	2005	-1		1	0
10141370	-1	2005	-1		1	0
10141380	-1	2005	-1		1	0
10141386	-1	2005	-1		1	0
10141387	-1	2005	-1		1	0
10141388	-1	2005	-1		1	0
10141800	168	2005	-1		1	0
10141801	720	2005	-1		1	0
10141802	-1	2005	-1		1	0
10141803	72	2005	-1		1	0
10141804	720	2005	-1		1	0
10141805	168	2005	-1		1	0
10141806	4320	2005	-1		1	0
10141807	-1	2005	-1		1	0
10300000	-1	-1	#c00ff00装备：击中敌人后有一定机率触发“奋力”		1	0
10300001	-1	-1	#c00ff00装备：击中敌人后有一定机率触发“奋力”		1	0
10300002	-1	-1	#c00ff00装备：击中敌人后有一定机率触发“奋力”		1	0
10300003	-1	-1	#c00ff00装备：击中敌人后有一定机率触发“奋力”		1	0
10300004	-1	-1	#c00ff00装备：击中敌人后有一定机率触发“奋力”		1	0
10300005	-1	-1	#c00ff00装备：击中敌人后有一定机率触发“奋力”		1	0
10302000	-1	-1	#c00ff00装备：击中敌人后有一定机率触发“蓄力”		1	0
10302001	-1	-1	#c00ff00装备：击中敌人后有一定机率触发“蓄力”		1	0
10302002	-1	-1	#c00ff00装备：击中敌人后有一定机率触发“蓄力”		1	0
10302003	-1	-1	#c00ff00装备：击中敌人后有一定机率触发“蓄力”		1	0
10302004	-1	-1	#c00ff00装备：击中敌人后有一定机率触发“蓄力”		1	0
10302005	-1	-1	#c00ff00装备：击中敌人后有一定机率触发“蓄力”		1	0
10304000	-1	-1	#c00ff00装备：击中敌人后有一定机率触发“精妙”		1	0
10304001	-1	-1	#c00ff00装备：击中敌人后有一定机率触发“精妙”		1	0
10304002	-1	-1	#c00ff00装备：击中敌人后有一定机率触发“精妙”		1	0
10304003	-1	-1	#c00ff00装备：击中敌人后有一定机率触发“精妙”		1	0
10304004	-1	-1	#c00ff00装备：击中敌人后有一定机率触发“精妙”		1	0
10304005	-1	-1	#c00ff00装备：击中敌人后有一定机率触发“精妙”		1	0
10305000	-1	-1	#c00ff00装备：击中敌人后有一定机率触发“绝妙”		1	0
10305001	-1	-1	#c00ff00装备：击中敌人后有一定机率触发“绝妙”		1	0
10305002	-1	-1	#c00ff00装备：击中敌人后有一定机率触发“绝妙”		1	0
10305003	-1	-1	#c00ff00装备：击中敌人后有一定机率触发“绝妙”		1	0
10305004	-1	-1	#c00ff00装备：击中敌人后有一定机率触发“绝妙”		1	0
10305005	-1	-1	#c00ff00装备：击中敌人后有一定机率触发“绝妙”		1	0
10306000	-1	-1	#c00ff00装备：击中敌人后有一定机率触发“吸血”		1	0
10306001	-1	-1	#c00ff00装备：击中敌人后有一定机率触发“减速”		1	0
10306002	-1	-1	#c00ff00装备：击中敌人后有一定机率触发“破绽”		1	0
10306100	-1	-1	#c00ff00装备：击中敌人后有一定机率触发“吸血”		1	0
10306101	-1	-1	#c00ff00装备：击中敌人后有一定机率触发“吸气”		1	0
10306102	-1	-1	#c00ff00装备：击中敌人后有一定机率触发“破绽”		1	0
10306200	-1	-1	#c00ff00装备：击中敌人后有一定机率触发“吸血”		1	0
10306201	-1	-1	#c00ff00装备：击中敌人后有一定机率触发“虚弱”		1	0
10306202	-1	-1	#c00ff00装备：击中敌人后有一定机率触发“破绽”		1	0
10306300	-1	-1	#c00ff00装备：击中敌人后有一定机率触发“吸血”		1	0
10306301	-1	-1	#c00ff00装备：击中敌人后有一定机率触发“减速”		1	0
10306302	-1	-1	#c00ff00装备：击中敌人后有一定机率触发“虚弱”		1	0
10306400	-1	-1	#c00ff00装备：击中敌人后有一定机率触发“吸血”		1	0
10306401	-1	-1	#c00ff00装备：击中敌人后有一定机率触发“吸气”		1	0
10306402	-1	-1	#c00ff00装备：击中敌人后有一定机率触发“虚弱”		1	0
10306500	-1	-1	#c00ff00装备：击中敌人后有一定机率触发“吸血”		1	0
10306501	-1	-1	#c00ff00装备：击中敌人后有一定机率触发“打怒”		1	0
10306502	-1	-1	#c00ff00装备：击中敌人后有一定机率触发“虚弱”		1	0
10306600	-1	-1	#c00ff00装备：击中敌人后有一定机率触发“减速”		1	0
10306601	-1	-1	#c00ff00装备：击中敌人后有一定机率触发“吸血”		1	0
10306602	-1	-1	#c00ff00装备：击中敌人后有一定机率触发“虚弱”		1	0
10306700	-1	-1	#c00ff00装备：击中敌人后有一定机率触发“吸血”		1	0
10306701	-1	-1	#c00ff00装备：击中敌人后有一定机率触发“减速”		1	0
10306702	-1	-1	#c00ff00装备：击中敌人后有一定机率触发“虚弱”		1	0
10306800	-1	-1	#c00ff00装备：击中敌人后有一定机率触发“吸血”		1	0
10306801	-1	-1	#c00ff00装备：击中敌人后有一定机率触发“吸气”		1	0
10306802	-1	-1	#c00ff00装备：击中敌人后有一定机率触发“虚弱”		1	0
10410082	24	-1	-1		1	0
10410083	24	-1	-1		1	0
10410084	24	-1	-1		1	0
10410085	24	-1	-1		1	0
10410086	24	-1	-1		1	0
10410087	24	-1	-1		1	0
10410088	24	-1	-1		1	0
10410089	24	-1	-1		1	0
10410090	24	-1	-1		1	0
10410091	24	-1	-1		1	0
10410092	24	-1	-1		1	0
10410093	24	-1	-1		1	0
10410094	24	-1	-1		1	0
10410095	24	-1	-1		1	0
10410096	24	-1	-1		1	0
10410097	24	-1	-1		1	0
10410098	168	-1	-1	1	1	0
10410099	168	-1	-1	1	1	0
10410100	168	-1	-1	1	1	0
10410101	168	-1	-1	1	1	0
10410102	168	-1	-1	1	1	0
10410103	168	-1	-1	1	1	0
10410104	168	-1	-1	1	1	0
10410105	168	-1	-1	1	1	0
10410106	168	-1	-1	1	1	0
10410107	168	-1	-1	1	1	0
10410108	-1	-1	-1	1	1	0
10410109	-1	-1	-1	1	1	0
10410110	-1	-1	-1	1	1	0
10410111	-1	-1	-1	1	1	0
10410112	-1	-1	-1	1	1	0
10410113	-1	-1	-1	1	1	0
10410114	-1	-1	-1	1	1	0
10410115	-1	-1	-1	1	1	0
10410116	-1	-1	-1	1	1	0
10410117	-1	-1	-1	1	1	0
10410118	168	-1	-1	1	1	0
10410119	168	-1	-1	1	1	0
10410120	168	-1	-1	1	1	0
10410121	168	-1	-1	1	1	0
10410122	168	-1	-1	1	1	0
10410123	168	-1	-1	1	1	0
10410124	168	-1	-1	1	1	0
10410125	168	-1	-1	1	1	0
10410126	168	-1	-1	1	1	0
10410127	168	-1	-1	1	1	0
10422016	-1	-1	#c00ff00装备：击中敌人后有一定机率触发“封穴”		1	0
10423024	-1	-1	#c00ff00装备：击中敌人后有一定机率触发“麻痹”		1	0
10423025	-1	-1	#c00ff00装备：击中敌人后有更大机率触发‘麻痹’		1	0
10423026	-1	-1	#c00ff00装备：击中敌人后有一定机率触发“麻痹”		1	0
10553090	-1	2005	-1		1	0
10553091	-1	2005	-1		1	0
10553092	-1	2005	-1		1	0
10553093	-1	2005	-1		1	0
10553094	-1	2005	-1		1	0
10553095	-1	2005	-1		1	0
10553096	-1	2005	-1		1	0
10553097	-1	2005	-1		1	0
10553098	-1	2005	-1		1	0
10553099	-1	2005	-1		1	0
10553101	-1	2005	-1		1	0
10553102	-1	2005	-1		1	0
10553103	-1	2005	-1		1	0
10553104	-1	2005	-1		1	0
10553105	-1	2005	-1		1	0
10553106	-1	2005	-1		1	0
10553107	-1	2005	-1		1	0
10553108	-1	2005	-1		1	0
10553109	-1	2005	-1		1	0
10553110	-1	2005	-1		1	0
10553111	-1	2005	-1		1	0
10553112	-1	2005	-1		1	0
10553113	-1	2005	-1		1	0
10553114	-1	2005	-1		1	0
10553115	-1	2005	-1		1	0
20101001	-1	-1	-1		1	0
20101002	-1	-1	-1		1	0
20101003	-1	-1	-1		1	0
20101004	-1	-1	-1		1	0
20101005	-1	-1	-1		1	0
20101006	-1	-1	-1		1	0
20101007	-1	-1	-1		1	0
20101008	-1	-1	-1		1	0
20101009	-1	-1	-1		1	0
20101010	-1	-1	-1		1	0
20101011	-1	-1	-1		1	0
20101012	-1	-1	-1		1	0
20101013	-1	-1	-1		1	0
20101014	-1	-1	-1		1	0
20101015	-1	-1	-1		1	0
20101016	-1	-1	-1		1	0
20101017	-1	-1	-1		1	0
20101018	-1	-1	-1		1	0
20101019	-1	-1	-1		1	0
20101020	-1	-1	-1		1	0
20101021	-1	-1	-1		1	0
20101022	-1	-1	-1		1	0
20101023	-1	-1	-1		1	0
20101024	-1	-1	-1		1	0
20101025	-1	-1	-1		1	0
20101026	-1	-1	-1		1	0
20101027	-1	-1	-1		1	0
20101028	-1	-1	-1		1	0
20101029	-1	-1	-1		1	0
20101030	-1	-1	-1		1	0
20103001	-1	-1	-1		1	0
20103002	-1	-1	-1		1	0
20103003	-1	-1	-1		1	0
20103004	-1	-1	-1		1	0
20103005	-1	-1	-1		1	0
20103006	-1	-1	-1		1	0
20103007	-1	-1	-1		1	0
20103008	-1	-1	-1		1	0
20103009	-1	-1	-1		1	0
20103010	-1	-1	-1		1	0
20103011	-1	-1	-1		1	0
20103012	-1	-1	-1		1	0
20103013	-1	-1	-1		1	0
20103014	-1	-1	-1		1	0
20103015	-1	-1	-1		1	0
20103016	-1	-1	-1		1	0
20103017	-1	-1	-1		1	0
20103018	-1	-1	-1		1	0
20103019	-1	-1	-1		1	0
20103020	-1	-1	-1		1	0
20103021	-1	-1	-1		1	0
20103022	-1	-1	-1		1	0
20103023	-1	-1	-1		1	0
20103024	-1	-1	-1		1	0
20103025	-1	-1	-1		1	0
20103026	-1	-1	-1		1	0
20103027	-1	-1	-1		1	0
20103028	-1	-1	-1		1	0
20103029	-1	-1	-1		1	0
20103030	-1	-1	-1		1	0
20103031	-1	-1	-1		1	0
20103032	-1	-1	-1		1	0
20103033	-1	-1	-1		1	0
20103034	-1	-1	-1		1	0
20103035	-1	-1	-1		1	0
20103036	-1	-1	-1		1	0
20103037	-1	-1	-1		1	0
20103038	-1	-1	-1		1	0
20103039	-1	-1	-1		1	0
20103040	-1	-1	-1		1	0
20103041	-1	-1	-1		1	0
20103042	-1	-1	-1		1	0
20103043	-1	-1	-1		1	0
20103044	-1	-1	-1		1	0
20103045	-1	-1	-1		1	0
20103046	-1	-1	-1		1	0
20103047	-1	-1	-1		1	0
20103048	-1	-1	-1		1	0
20103049	-1	-1	-1		1	0
20103050	-1	-1	-1		1	0
20103051	-1	-1	-1		1	0
20103052	-1	-1	-1		1	0
20103053	-1	-1	-1		1	0
20103054	-1	-1	-1		1	0
20103055	-1	-1	-1		1	0
20103056	-1	-1	-1		1	0
20103057	-1	-1	-1		1	0
20103058	-1	-1	-1		1	0
20103059	-1	-1	-1		1	0
20103060	-1	-1	-1		1	0
20103118	-1	-1	-1		1	0
20103119	-1	-1	-1		1	0
20103120	-1	-1	-1		1	0
20103121	-1	-1	-1		1	0
20103122	-1	-1	-1		1	0
20103123	-1	-1	-1		1	0
20103124	-1	-1	-1		1	0
20103125	-1	-1	-1		1	0
20103126	-1	-1	-1		1	0
20103127	-1	-1	-1		1	0
20103128	-1	-1	-1		1	0
20103129	-1	-1	-1		1	0
20103130	-1	-1	-1		1	0
20103131	-1	-1	-1		1	0
20103132	-1	-1	-1		1	0
20103133	-1	-1	-1		1	0
20103134	-1	-1	-1		1	0
20103135	-1	-1	-1		1	0
20103136	-1	-1	-1		1	0
20103137	-1	-1	-1		1	0
20304005	-1	-1	-1		1	0
20304006	-1	-1	-1		1	0
20304007	-1	-1	-1		1	0
20304008	-1	-1	-1		1	0
20304009	-1	-1	-1		1	0
20304010	-1	-1	-1		1	0
20304011	-1	-1	-1		1	0
20304012	-1	-1	-1		1	0
20304013	-1	-1	-1		1	0
20304014	-1	-1	-1		1	0
20304015	-1	-1	-1		1	0
20304016	-1	-1	-1		1	0
30001001	-1	-1	-1		1	1
30001002	-1	-1	-1		1	1
30001003	-1	-1	-1		1	1
30001004	-1	-1	-1		1	1
30001016	-1	-1	-1		1	1
30001017	-1	-1	-1		1	1
30001018	-1	-1	-1		1	1
30002001	-1	-1	-1		1	1
30002002	-1	-1	-1		1	1
30002003	-1	-1	-1		1	1
30002004	-1	-1	-1		1	1
30002016	-1	-1	-1		1	1
30002017	-1	-1	-1		1	1
30002018	-1	-1	-1		1	1
30003001	-1	-1	-1		1	1
30003002	-1	-1	-1		1	1
30003003	-1	-1	-1		1	1
30003004	-1	-1	-1		1	1
30003005	-1	-1	-1		1	1
30003006	-1	-1	-1		1	1
30003007	-1	-1	-1		1	1
30003008	-1	-1	-1		1	1
30003009	-1	-1	-1		1	1
30003010	-1	-1	-1		1	1
30003021	-1	-1	-1		1	1
30003022	-1	-1	-1		1	1
30003023	-1	-1	-1		1	1
30008045	168	-1	-1		1	0
30008052	168	-1	-1		1	0
30008059	-1	-1	-1		1	1
30008060	-1	-1	-1		1	1
30008061	-1	-1	-1		1	1
30008062	-1	-1	-1		1	1
30008063	-1	-1	-1		1	1
30008064	-1	-1	-1		1	1
30008065	-1	-1	-1		1	1
30008066	-1	-1	-1		1	1
30101023	-1	-1	-1		1	1
30101024	-1	-1	-1		1	1
30101031	-1	-1	-1		1	1
30101032	-1	-1	-1		1	1
30101033	-1	-1	-1		1	1
30101034	-1	-1	-1		1	1
30101035	-1	-1	-1		1	1
30101036	-1	-1	-1		1	1
30101037	-1	-1	-1		1	1
30101038	-1	-1	-1		1	1
30101039	-1	-1	-1		1	1
30101040	-1	-1	-1		1	1
30101041	-1	-1	-1		1	1
30101042	-1	-1	-1		1	1
30101043	-1	-1	-1		1	1
30101044	-1	-1	-1		1	1
30101045	-1	-1	-1		1	1
30101046	-1	-1	-1		1	1
30101047	-1	-1	-1		1	1
30101048	-1	-1	-1		1	1
30101049	-1	-1	-1		1	1
30101050	-1	-1	-1		1	1
30101115	-1	-1	-1		1	1
30101116	-1	-1	-1		1	1
30101117	-1	-1	-1		1	1
30101118	-1	-1	-1		1	1
30101119	-1	-1	-1		1	1
30101120	-1	-1	-1		1	1
30101121	-1	-1	-1		1	1
30101122	-1	-1	-1		1	1
30101123	-1	-1	-1		1	1
30101124	-1	-1	-1		1	1
30101125	-1	-1	-1		1	1
30101126	-1	-1	-1		1	1
30101127	-1	-1	-1		1	1
30101128	-1	-1	-1		1	1
30101129	-1	-1	-1		1	1
30101130	-1	-1	-1		1	1
30101131	-1	-1	-1		1	1
30101132	-1	-1	-1		1	1
30101133	-1	-1	-1		1	1
30101134	-1	-1	-1		1	1
30303001	-1	-1	-1		1	1
30303002	-1	-1	-1		1	1
30303003	-1	-1	-1		1	1
30303051	-1	-1	-1		1	1
30303052	-1	-1	-1		1	1
30303053	-1	-1	-1		1	1
30303100	-1	-1	-1		1	1
30303101	-1	-1	-1		1	1
30303102	-1	-1	-1		1	1
30304030	-1	-1	-1		1	1
30304031	-1	-1	-1		1	1
30304032	-1	-1	-1		1	1
30304033	-1	-1	-1		1	1
30304034	-1	-1	-1		1	1
30304035	-1	-1	-1		1	1
30304036	-1	-1	-1		1	1
30304037	-1	-1	-1		1	1
30304038	-1	-1	-1		1	1
30308072	-1	-1	-1		1	1
30309056	-1	-1	-1		1	1
30501100	720	-1	-1		1	0
30501104	-1	-1	-1		1	1
30501107	168	-1	-1		1	0
30501108	168	-1	-1		1	0
30501109	168	-1	-1		1	0
30501110	168	-1	-1		1	0
30501111	168	-1	-1		1	0
30501112	168	-1	-1		1	0
30501113	168	-1	-1		1	0
30501114	168	-1	-1		1	0
30501115	168	-1	-1		1	0
30501116	168	-1	-1		1	0
30501131	168	-1	-1		1	0
30501132	168	-1	-1		1	0
30501133	168	-1	-1		1	0
30501134	168	-1	-1		1	0
30501135	168	-1	-1		1	0
30501136	168	-1	-1		1	0
30501137	168	-1	-1		1	0
30501138	168	-1	-1		1	0
30501139	168	-1	-1		1	0
30501140	168	-1	-1		1	0
30501141	168	-1	-1		1	0
30501142	168	-1	-1		1	0
30501143	168	-1	-1		1	0
30501144	168	-1	-1		1	0
30501145	168	-1	-1		1	0
30501146	168	-1	-1		1	0
30501147	168	-1	-1		1	0
30501151	168	-1	-1		1	0
30501152	168	-1	-1		1	0
30501153	168	-1	-1		1	0
30501159	168	-1	-1		1	0
30501160	168	-1	-1		1	0
30501161	168	-1	-1		1	0
30501162	48	-1	-1		1	0
30501166	168	-1	-1		1	0
30501168	-1	-1	-1		0	0
30501172	-1	-1	-1		0	0
30501318	-1	-1	-1		0	0
30501355	-1	-1	-1		0	0
30501357	-1	-1	-1		0	0
30503022	168	-1	-1		1	0
30503023	168	-1	-1		1	0
30503024	168	-1	-1		1	0
30503025	-1	-1	-1		0	0
30503026	-1	-1	-1		0	0
30503027	-1	-1	-1		0	0
30503028	-1	-1	-1		0	0
30503029	-1	-1	-1		0	0
30503030	-1	-1	-1		0	0
30503031	-1	-1	-1		0	0
30503032	-1	-1	-1		0	0
30503033	-1	-1	-1		0	0
30503034	-1	-1	-1		0	0
30503035	-1	-1	-1		0	0
30503036	-1	-1	-1		0	0
30503037	-1	-1	-1		0	0
30503038	-1	-1	-1		0	0
30503039	-1	-1	-1		0	0
30503040	-1	-1	-1		0	0
30503041	-1	-1	-1		0	0
30503042	-1	-1	-1		0	0
30503043	-1	-1	-1		0	0
30503044	-1	-1	-1		0	0
30503045	-1	-1	-1		0	0
30503046	-1	-1	-1		0	0
30503047	-1	-1	-1		0	0
30503048	-1	-1	-1		0	0
30503049	-1	-1	-1		0	0
30503050	-1	-1	-1		0	0
30503051	-1	-1	-1		0	0
30503052	-1	-1	-1		0	0
30503053	-1	-1	-1		0	0
30503054	-1	-1	-1		0	0
30503055	-1	-1	-1		0	0
30503056	-1	-1	-1		0	0
30503057	-1	-1	-1		0	0
30503058	-1	-1	-1		0	0
30503059	-1	-1	-1		0	0
30503060	-1	-1	-1		0	0
30503061	-1	-1	-1		0	0
30503062	-1	-1	-1		0	0
30503063	-1	-1	-1		0	0
30503064	-1	-1	-1		0	0
30503065	-1	-1	-1		0	0
30503066	-1	-1	-1		0	0
30503067	-1	-1	-1		0	0
30503068	-1	-1	-1		0	0
30503069	-1	-1	-1		0	0
30503070	-1	-1	-1		0	0
30503071	-1	-1	-1		0	0
30503072	-1	-1	-1		0	0
30503073	-1	-1	-1		0	0
30503074	-1	-1	-1		0	0
30503075	-1	-1	-1		0	0
30503076	-1	-1	-1		0	0
30503077	-1	-1	-1		0	0
30503078	-1	-1	-1		0	0
30503079	-1	-1	-1		0	0
30503080	-1	-1	-1		0	0
30503081	-1	-1	-1		0	0
30503082	-1	-1	-1		0	0
30503083	-1	-1	-1		0	0
30503084	-1	-1	-1		0	0
30503085	-1	-1	-1		0	0
30503086	-1	-1	-1		0	0
30503087	-1	-1	-1		0	0
30503088	-1	-1	-1		0	0
30503089	-1	-1	-1		0	0
30503090	-1	-1	-1		0	0
30503091	-1	-1	-1		0	0
30503092	-1	-1	-1		0	0
30503093	-1	-1	-1		0	0
30503094	-1	-1	-1		0	0
30503095	-1	-1	-1		0	0
30503096	-1	-1	-1		0	0
30503097	-1	-1	-1		0	0
30503098	-1	-1	-1		0	0
30503099	-1	-1	-1		0	0
30503100	-1	-1	-1		0	0
30503101	-1	-1	-1		0	0
30503102	-1	-1	-1		0	0
30503103	-1	-1	-1		0	0
30503104	-1	-1	-1		0	0
30503105	-1	-1	-1		0	0
30503106	-1	-1	-1		0	0
30503107	-1	-1	-1		0	0
30503108	-1	-1	-1		0	0
30503109	-1	-1	-1		0	0
30503110	-1	-1	-1		0	0
30503111	-1	-1	-1		0	0
30503112	-1	-1	-1		0	0
30503113	-1	-1	-1		0	0
30503114	-1	-1	-1		0	0
30504052	48	-1	-1		1	0
30504112	-1	-1	-1		0	0
30505013	-1	-1	-1		1	1
30505014	-1	-1	-1		1	1
30505015	-1	-1	-1		1	1
30505016	-1	-1	-1		1	1
30505017	-1	-1	-1		1	1
30505018	-1	-1	-1		1	1
30505019	-1	-1	-1		1	1
30505020	-1	-1	-1		1	1
30505021	-1	-1	-1		1	1
30505022	-1	-1	-1		1	1
30505085	720	-1	-1		1	0
30505086	720	-1	-1		1	0
30505087	720	-1	-1		1	0
30505088	720	-1	-1		1	0
30505089	720	-1	-1		1	0
30505090	720	-1	-1		1	0
30505091	720	-1	-1		1	0
30505114	2160	-1	-1		1	0
30505115	2160	-1	-1		1	0
30505116	2160	-1	-1		1	0
30505117	2160	-1	-1		1	0
30505118	2160	-1	-1		1	0
30505119	2160	-1	-1		1	0
30505120	2160	-1	-1		1	0
30505123	720	-1	-1		1	0
30505124	720	-1	-1		1	0
30505130	720	-1	-1		1	0
30505131	720	-1	-1		1	0
30505155	-1	-1	-1		1	1
30505156	-1	-1	-1		1	1
30505157	-1	-1	-1		1	0
30505158	-1	-1	-1		1	0
30505159	-1	-1	-1		1	0
30505160	-1	-1	-1		1	0
30505161	-1	-1	-1		1	0
30505163	168	-1	-1		1	0
30505191	192	-1	-1		1	0
30505200	720	-1	-1		1	0
30505201	168	-1	-1		1	0
30505202	168	-1	-1		1	0
30505203	168	-1	-1		1	0
30505204	168	-1	-1		1	0
30505207	1	-1	-1		1	0
30505208	1	-1	-1		1	0
30505209	1	-1	-1		1	0
30505210	1	-1	-1		1	0
30505211	1	-1	-1		1	0
30505212	1	-1	-1		1	0
30505213	1	-1	-1		1	0
30601001	-1	-1	-1		1	1
30601004	-1	-1	-1		1	1
30602001	-1	-1	-1		1	1
30602002	-1	-1	-1		1	1
30602003	-1	-1	-1		1	1
30602004	-1	-1	-1		1	1
30603001	-1	-1	-1		1	1
30603002	-1	-1	-1		1	1
30603003	-1	-1	-1		1	1
30603004	-1	-1	-1		1	1
30604001	-1	-1	-1		1	1
30604002	-1	-1	-1		1	1
30604003	-1	-1	-1		1	1
30604004	-1	-1	-1		1	1
30605001	-1	-1	-1		1	1
30605002	-1	-1	-1		1	1
30605003	-1	-1	-1		1	1
30605004	-1	-1	-1		1	1
30607002	-1	-1	-1		1	1
30700201	240	-1	-1		1	0
30700202	240	-1	-1		1	0
30900051	1	2005	-1		1	0
30900052	1	2005	-1		1	0
30900053	1	2005	-1		1	0
30900054	1	2005	-1		1	0
30900055	1	2005	-1		1	0
30900056	-1	-1	-1		0	0
30900057	-1	-1	-1		0	0
30900058	-1	-1	-1		0	0
31000100	720	-1	-1		1	0
38000000	720	-1	-1		1	0
38000006	168	-1	-1		1	0
38000007	168	-1	-1		1	0
38000008	168	-1	-1		1	0
40004414	4	-1	-1		1	0
40004431	48	-1	-1		1	0
40004432	48	-1	-1		1	0
40004433	48	-1	-1		1	0
