INT	INT	INT	INT	INT	INT	INT	INT	INT	INT	INT	INT
索引	装备点	强化等级	收取金钱	成功率	退化等级	外攻	内攻	外防	内防	命中	闪避
0	0	1	100	7500	0	10	10	10	10	10	10
1	0	2	115	6000	1	15	15	15	15	15	15
2	0	3	132	5000	1	21	21	21	21	21	21
3	0	4	151	4500	1	30	30	30	30	30	30
4	0	5	173	1500	1	44	44	44	44	44	44
5	0	6	199	2000	5	64	64	64	64	64	64
6	0	7	228	1000	5	93	93	93	93	93	93
7	0	8	261	100	7	135	135	135	135	135	135
8	0	9	300	50	8	195	195	195	195	195	195
9	1	1	100	7500	0	10	10	10	10	10	10
10	1	2	115	6000	1	15	15	15	15	15	15
11	1	3	132	5000	1	21	21	21	21	21	21
12	1	4	151	4500	1	30	30	30	30	30	30
13	1	5	173	1500	1	44	44	44	44	44	44
14	1	6	199	2000	5	64	64	64	64	64	64
15	1	7	228	1000	5	93	93	93	93	93	93
16	1	8	261	100	7	135	135	135	135	135	135
17	1	9	300	50	8	195	195	195	195	195	195
18	2	1	100	7500	0	10	10	10	10	10	10
19	2	2	115	6000	1	15	15	15	15	15	15
20	2	3	132	5000	1	21	21	21	21	21	21
21	2	4	151	4500	1	30	30	30	30	30	30
22	2	5	173	1500	1	44	44	44	44	44	44
23	2	6	199	2000	5	64	64	64	64	64	64
24	2	7	228	1000	5	93	93	93	93	93	93
25	2	8	261	100	7	135	135	135	135	135	135
26	2	9	300	50	8	195	195	195	195	195	195
27	3	1	100	7500	0	10	10	10	10	10	10
28	3	2	115	6000	1	15	15	15	15	15	15
29	3	3	132	5000	1	21	21	21	21	21	21
30	3	4	151	4500	1	30	30	30	30	30	30
31	3	5	173	1500	1	44	44	44	44	44	44
32	3	6	199	2000	5	64	64	64	64	64	64
33	3	7	228	1000	5	93	93	93	93	93	93
34	3	8	261	100	7	135	135	135	135	135	135
35	3	9	300	50	8	195	195	195	195	195	195
36	4	1	100	7500	0	10	10	10	10	10	10
37	4	2	115	6000	1	15	15	15	15	15	15
38	4	3	132	5000	1	21	21	21	21	21	21
39	4	4	151	4500	1	30	30	30	30	30	30
40	4	5	173	1500	1	44	44	44	44	44	44
41	4	6	199	2000	5	64	64	64	64	64	64
42	4	7	228	1000	5	93	93	93	93	93	93
43	4	8	261	100	7	135	135	135	135	135	135
44	4	9	300	50	8	195	195	195	195	195	195
45	5	1	100	7500	0	10	10	10	10	10	10
46	5	2	115	6000	1	15	15	15	15	15	15
47	5	3	132	5000	1	21	21	21	21	21	21
48	5	4	151	4500	1	30	30	30	30	30	30
49	5	5	173	1500	1	44	44	44	44	44	44
50	5	6	199	2000	5	64	64	64	64	64	64
51	5	7	228	1000	5	93	93	93	93	93	93
52	5	8	261	100	7	135	135	135	135	135	135
53	5	9	300	50	8	195	195	195	195	195	195
54	6	1	100	7500	0	20	20	20	20	20	20
55	6	2	115	6000	1	30	30	30	30	30	30
56	6	3	132	5000	1	42	42	42	42	42	42
57	6	4	151	4500	1	60	60	60	60	60	60
58	6	5	173	1500	1	88	88	88	88	88	88
59	6	6	199	2000	5	128	128	128	128	128	128
60	6	7	228	1000	5	186	186	186	186	186	186
61	6	8	261	100	7	270	270	270	270	270	270
62	6	9	300	50	8	390	390	390	390	390	390
63	7	1	100	7500	0	10	10	10	10	10	10
64	7	2	115	6000	1	15	15	15	15	15	15
65	7	3	132	5000	1	21	21	21	21	21	21
66	7	4	151	4500	1	30	30	30	30	30	30
67	7	5	173	1500	1	44	44	44	44	44	44
68	7	6	199	2000	5	64	64	64	64	64	64
69	7	7	228	1000	5	93	93	93	93	93	93
70	7	8	261	100	7	135	135	135	135	135	135
71	7	9	300	50	8	195	195	195	195	195	195
72	8	1	100	7500	0	10	10	10	10	10	10
73	8	2	115	6000	1	15	15	15	15	15	15
74	8	3	132	5000	1	21	21	21	21	21	21
75	8	4	151	4500	1	30	30	30	30	30	30
76	8	5	173	1500	1	44	44	44	44	44	44
77	8	6	199	2000	5	64	64	64	64	64	64
78	8	7	228	1000	5	93	93	93	93	93	93
79	8	8	261	100	7	135	135	135	135	135	135
80	8	9	300	50	8	195	195	195	195	195	195
81	9	1	100	7500	0	10	10	10	10	10	10
82	9	2	115	6000	1	15	15	15	15	15	15
83	9	3	132	5000	1	21	21	21	21	21	21
84	9	4	151	4500	1	30	30	30	30	30	30
85	9	5	173	1500	1	44	44	44	44	44	44
86	9	6	199	2000	5	64	64	64	64	64	64
87	9	7	228	1000	5	93	93	93	93	93	93
88	9	8	261	100	7	135	135	135	135	135	135
89	9	9	300	50	8	195	195	195	195	195	195
90	10	1	100	7500	0	10	10	10	10	10	10
91	10	2	115	6000	1	15	15	15	15	15	15
92	10	3	132	5000	1	21	21	21	21	21	21
93	10	4	151	4500	1	30	30	30	30	30	30
94	10	5	173	1500	1	44	44	44	44	44	44
95	10	6	199	2000	5	64	64	64	64	64	64
96	10	7	228	1000	5	93	93	93	93	93	93
97	10	8	261	100	7	135	135	135	135	135	135
98	10	9	300	50	8	195	195	195	195	195	195
99	11	1	100	7500	0	20	20	20	20	20	20
100	11	2	115	6000	1	30	30	30	30	30	30
101	11	3	132	5000	1	42	42	42	42	42	42
102	11	4	151	4500	1	60	60	60	60	60	60
103	11	5	173	1500	1	88	88	88	88	88	88
104	11	6	199	2000	5	128	128	128	128	128	128
105	11	7	228	1000	5	186	186	186	186	186	186
106	11	8	261	100	7	270	270	270	270	270	270
107	11	9	300	50	8	390	390	390	390	390	390
108	12	1	100	7500	0	20	20	20	20	20	20
109	12	2	115	6000	1	30	30	30	30	30	30
110	12	3	132	5000	1	42	42	42	42	42	42
111	12	4	151	4500	1	60	60	60	60	60	60
112	12	5	173	1500	1	88	88	88	88	88	88
113	12	6	199	2000	5	128	128	128	128	128	128
114	12	7	228	1000	5	186	186	186	186	186	186
115	12	8	261	100	7	270	270	270	270	270	270
116	12	9	300	50	8	390	390	390	390	390	390
117	13	1	100	7500	0	20	20	20	20	20	20
118	13	2	115	6000	1	30	30	30	30	30	30
119	13	3	132	5000	1	42	42	42	42	42	42
120	13	4	151	4500	1	60	60	60	60	60	60
121	13	5	173	1500	1	88	88	88	88	88	88
122	13	6	199	2000	5	128	128	128	128	128	128
123	13	7	228	1000	5	186	186	186	186	186	186
124	13	8	261	100	7	270	270	270	270	270	270
125	13	9	300	50	8	390	390	390	390	390	390
126	14	1	100	7500	0	10	10	10	10	10	10
127	14	2	115	6000	1	15	15	15	15	15	15
128	14	3	132	5000	1	21	21	21	21	21	21
129	14	4	151	4500	1	30	30	30	30	30	30
130	14	5	173	1500	1	44	44	44	44	44	44
131	14	6	199	2000	5	64	64	64	64	64	64
132	14	7	228	1000	5	93	93	93	93	93	93
133	14	8	261	100	7	135	135	135	135	135	135
134	14	9	300	50	8	195	195	195	195	195	195
135	15	1	100	7500	0	10	10	10	10	10	10
136	15	2	115	6000	1	15	15	15	15	15	15
137	15	3	132	5000	1	21	21	21	21	21	21
138	15	4	151	4500	1	30	30	30	30	30	30
139	15	5	173	1500	1	44	44	44	44	44	44
140	15	6	199	2000	5	64	64	64	64	64	64
141	15	7	228	1000	5	93	93	93	93	93	93
142	15	8	261	100	7	135	135	135	135	135	135
143	15	9	300	50	8	195	195	195	195	195	195
144	16	1	100	7500	0	10	10	10	10	10	10
145	16	2	115	6000	1	15	15	15	15	15	15
146	16	3	132	5000	1	21	21	21	21	21	21
147	16	4	151	4500	1	30	30	30	30	30	30
148	16	5	173	1500	1	44	44	44	44	44	44
149	16	6	199	2000	5	64	64	64	64	64	64
150	16	7	228	1000	5	93	93	93	93	93	93
151	16	8	261	100	7	135	135	135	135	135	135
152	16	9	300	50	8	195	195	195	195	195	195
153	17	1	100	7500	0	10	10	10	10	10	10
154	17	2	115	6000	1	15	15	15	15	15	15
155	17	3	132	5000	1	21	21	21	21	21	21
156	17	4	151	4500	1	30	30	30	30	30	30
157	17	5	173	1500	1	44	44	44	44	44	44
158	17	6	199	2000	5	64	64	64	64	64	64
159	17	7	228	1000	5	93	93	93	93	93	93
160	17	8	261	100	7	135	135	135	135	135	135
161	17	9	300	50	8	195	195	195	195	195	195
162	18	1	100	7500	0	10	10	10	10	10	10
163	18	2	115	6000	1	15	15	15	15	15	15
164	18	3	132	5000	1	21	21	21	21	21	21
165	18	4	151	4500	1	30	30	30	30	30	30
166	18	5	173	1500	1	44	44	44	44	44	44
167	18	6	199	2000	5	64	64	64	64	64	64
168	18	7	228	1000	5	93	93	93	93	93	93
169	18	8	261	100	7	135	135	135	135	135	135
170	18	9	300	50	8	195	195	195	195	195	195
