INT	INT	INT	INT	INT	INT	INT	INT	INT	INT	INT	INT	INT	INT	INT	INT	INT	INT	INT	INT	INT	INT	INT	INT	INT	INT	INT	INT	INT	INT	INT	INT	INT	INT	INT	INT	INT	INT	INT	INT	INT	INT	INT	INT	INT	INT	INT	INT	INT	INT	INT	INT	INT	INT	INT	INT	INT	INT	INT	INT	INT	INT	INT	INT	INT
Index	增加HP的上限	百分比增加HP的上限	加快HP的回复速度	增加MP的上限	百分比增加MP的上限	加快MP的回复速度	冰攻击	冰抵抗	减少冰冻迟缓时间	火攻击	火抵抗	减少火烧持续时间	玄攻击	玄抵抗	减少电击眩晕时间	毒攻击	毒抵抗	减少中毒时间	按百分比抵消所有属性攻击	物理攻击	按百分比增加物理攻击	对装备基础物理攻击百分比加成	物理防御	按百分比增加物理防御	对装备基础物理防御百分比加成	按百分比抵消物理伤害	魔法攻击	按百分比增加魔法攻击	对装备基础魔法攻击百分比加成	魔法防御	按百分比增加魔法防御	对装备基础魔法防御百分比加成	按百分比抵消魔法伤害	攻击速度(两次攻击间隔时间)	魔法冷却速度	命中	闪避	会心一击（双倍攻击）的百分比	无视对方防御比率	移动速度百分比	伤害反射	伤害由内力抵消	力量	灵气	体质	定力	身法	会心防御	增加所有的人物一级属性	生命偷取	内力偷取	增加某个技能等级	增加所有技能等级	特殊技能发动概率	降低目标冰抵抗	降低目标火抵抗	降低目标玄抵抗	降低目标毒抵抗	保留1	保留2	保留3	保留4	保留5	保留6
1	591	50	-1	313	50	-1	3	1	-1	3	1	-1	3	1	-1	3	1	-1	1	52	50	50	47	50	50	1	52	50	50	47	50	50	1	-1	-1	42	14	2	-1	-1	-1	-1	7	7	6	6	3	2	1	-1	-1	-1	-1	-1	1	1	1	1	-1	-1	-1	-1	-1	-1
2	711	50	-1	375	50	-1	3	1	-1	3	1	-1	3	1	-1	3	1	-1	1	62	50	50	57	50	50	1	62	50	50	57	50	50	1	-1	-1	54	18	2	-1	-1	-1	-1	8	8	7	7	4	2	2	-1	-1	-1	-1	-1	1	1	1	1	-1	-1	-1	-1	-1	-1
3	832	50	-1	437	50	-1	3	1	-1	3	1	-1	3	1	-1	3	1	-1	1	73	50	50	68	50	50	1	73	50	50	68	50	50	1	-1	-1	66	22	2	-1	-1	-1	-1	9	9	8	8	4	2	2	-1	-1	-1	-1	-1	1	1	1	1	-1	-1	-1	-1	-1	-1
4	952	50	-1	499	50	-1	3	1	-1	3	1	-1	3	1	-1	3	1	-1	1	84	50	50	79	50	50	1	84	50	50	79	50	50	1	-1	-1	78	26	2	-1	-1	-1	-1	10	10	9	9	5	2	2	-1	-1	-1	-1	-1	1	1	1	1	-1	-1	-1	-1	-1	-1
5	1073	50	-1	561	50	-1	4	1	-1	4	1	-1	4	1	-1	4	1	-1	1	94	50	50	89	50	50	1	94	50	50	89	50	50	1	-1	-1	90	30	2	-1	-1	-1	-1	11	11	10	10	5	2	2	-1	-1	-1	-1	-1	1	1	1	1	-1	-1	-1	-1	-1	-1
6	1193	50	-1	623	50	-1	4	1	-1	4	1	-1	4	1	-1	4	1	-1	1	105	50	50	100	50	50	1	105	50	50	100	50	50	1	-1	-1	102	34	2	-1	-1	-1	-1	12	12	11	11	6	2	2	-1	-1	-1	-1	-1	1	1	1	1	-1	-1	-1	-1	-1	-1
7	1314	50	-1	685	50	-1	4	1	-1	4	1	-1	4	1	-1	4	1	-1	1	116	50	50	111	50	50	1	116	50	50	111	50	50	1	-1	-1	114	38	2	-1	-1	-1	-1	13	13	12	12	7	2	3	-1	-1	-1	-1	-1	1	1	1	1	-1	-1	-1	-1	-1	-1
8	1434	50	-1	747	50	-1	4	2	-1	4	2	-1	4	2	-1	4	2	-1	1	126	50	50	121	50	50	2	126	50	50	121	50	50	2	-1	-1	126	42	2	-1	-1	-1	-1	14	14	13	13	7	2	3	-1	-1	-1	-1	-1	2	2	2	2	-1	-1	-1	-1	-1	-1
9	1555	50	-1	809	50	-1	4	2	-1	4	2	-1	4	2	-1	4	2	-1	1	137	50	50	132	50	50	2	137	50	50	132	50	50	2	-1	-1	138	46	2	-1	-1	-1	-1	15	15	14	14	8	2	3	-1	-1	-1	-1	-1	2	2	2	2	-1	-1	-1	-1	-1	-1
10	1675	50	-1	870	50	-1	5	2	-1	5	2	-1	5	2	-1	5	2	-1	2	148	50	50	142	50	50	2	148	50	50	142	50	50	2	-1	-1	150	50	2	-1	-1	-1	-1	16	16	15	15	8	2	3	-1	-1	-1	-1	-1	2	2	2	2	-1	-1	-1	-1	-1	-1
11	1796	50	-1	932	50	-1	5	2	-1	5	2	-1	5	2	-1	5	2	-1	2	158	50	50	153	50	50	2	158	50	50	153	50	50	2	-1	-1	162	54	2	-1	-1	-1	-1	18	18	17	17	9	2	3	-1	-1	-1	-1	-1	2	2	2	2	-1	-1	-1	-1	-1	-1
12	1916	50	-1	994	50	-1	5	2	-1	5	2	-1	5	2	-1	5	2	-1	2	169	50	50	164	50	50	2	169	50	50	164	50	50	2	-1	-1	174	58	3	-1	-1	-1	-1	19	19	18	18	10	3	4	-1	-1	-1	-1	-1	2	2	2	2	-1	-1	-1	-1	-1	-1
13	2037	50	-1	1056	50	-1	5	2	-1	5	2	-1	5	2	-1	5	2	-1	2	179	50	50	174	50	50	2	179	50	50	174	50	50	2	-1	-1	186	62	3	-1	-1	-1	-1	20	20	19	19	10	3	4	-1	-1	-1	-1	-1	2	2	2	2	-1	-1	-1	-1	-1	-1
14	2157	50	-1	1118	50	-1	5	2	-1	5	2	-1	5	2	-1	5	2	-1	2	190	50	50	185	50	50	2	190	50	50	185	50	50	2	-1	-1	198	66	3	-1	-1	-1	-1	21	21	20	20	11	3	4	-1	-1	-1	-1	-1	2	2	2	2	-1	-1	-1	-1	-1	-1
15	2278	50	-1	1180	50	-1	6	2	-1	6	2	-1	6	2	-1	6	2	-1	2	201	50	50	196	50	50	2	201	50	50	196	50	50	2	-1	-1	210	70	3	-1	-1	-1	-1	22	22	21	21	11	3	4	-1	-1	-1	-1	-1	2	2	2	2	-1	-1	-1	-1	-1	-1
16	2398	50	-1	1242	50	-1	6	2	-1	6	2	-1	6	2	-1	6	2	-1	2	211	50	50	206	50	50	2	211	50	50	206	50	50	2	-1	-1	222	74	3	-1	-1	-1	-1	23	23	22	22	12	3	4	-1	-1	-1	-1	-1	2	2	2	2	-1	-1	-1	-1	-1	-1
17	2519	50	-1	1304	50	-1	6	3	-1	6	3	-1	6	3	-1	6	3	-1	2	222	50	50	217	50	50	3	222	50	50	217	50	50	3	-1	-1	234	78	3	-1	-1	-1	-1	24	24	23	23	13	3	5	-1	-1	-1	-1	-1	3	3	3	3	-1	-1	-1	-1	-1	-1
18	2639	50	-1	1366	50	-1	6	3	-1	6	3	-1	6	3	-1	6	3	-1	2	233	50	50	228	50	50	3	233	50	50	228	50	50	3	-1	-1	246	82	3	-1	-1	-1	-1	25	25	24	24	13	3	5	-1	-1	-1	-1	-1	3	3	3	3	-1	-1	-1	-1	-1	-1
19	2760	50	-1	1428	50	-1	7	3	-1	7	3	-1	7	3	-1	7	3	-1	2	243	50	50	238	50	50	3	243	50	50	238	50	50	3	-1	-1	258	86	3	-1	-1	-1	-1	26	26	25	25	14	3	5	-1	-1	-1	-1	-1	3	3	3	3	-1	-1	-1	-1	-1	-1
20	2880	50	-1	1489	50	-1	7	3	-1	7	3	-1	7	3	-1	7	3	-1	2	254	50	50	249	50	50	3	254	50	50	249	50	50	3	-1	-1	270	90	3	-1	-1	-1	-1	27	27	26	26	14	3	5	-1	-1	-1	-1	-1	3	3	3	3	-1	-1	-1	-1	-1	-1
21	3001	50	-1	1551	50	-1	7	3	-1	7	3	-1	7	3	-1	7	3	-1	2	265	50	50	260	50	50	3	265	50	50	260	50	50	3	-1	-1	282	94	3	-1	-1	-1	-1	29	29	28	28	15	3	5	-1	-1	-1	-1	-1	3	3	3	3	-1	-1	-1	-1	-1	-1
22	3121	50	-1	1613	50	-1	7	3	-1	7	3	-1	7	3	-1	7	3	-1	2	275	50	50	270	50	50	3	275	50	50	270	50	50	3	-1	-1	294	98	3	-1	-1	-1	-1	30	30	29	29	16	3	6	-1	-1	-1	-1	-1	3	3	3	3	-1	-1	-1	-1	-1	-1
23	3242	50	-1	1675	50	-1	7	3	-1	7	3	-1	7	3	-1	7	3	-1	2	286	50	50	281	50	50	3	286	50	50	281	50	50	3	-1	-1	306	102	3	-1	-1	-1	-1	31	31	30	30	16	3	6	-1	-1	-1	-1	-1	3	3	3	3	-1	-1	-1	-1	-1	-1
24	3362	50	-1	1737	50	-1	8	3	-1	8	3	-1	8	3	-1	8	3	-1	2	297	50	50	292	50	50	3	297	50	50	292	50	50	3	-1	-1	318	106	4	-1	-1	-1	-1	32	32	31	31	17	4	6	-1	-1	-1	-1	-1	3	3	3	3	-1	-1	-1	-1	-1	-1
25	3483	50	-1	1799	50	-1	8	3	-1	8	3	-1	8	3	-1	8	3	-1	2	307	50	50	302	50	50	3	307	50	50	302	50	50	3	-1	-1	330	110	4	-1	-1	-1	-1	33	33	32	32	17	4	6	-1	-1	-1	-1	-1	3	3	3	3	-1	-1	-1	-1	-1	-1
26	3603	50	-1	1861	50	-1	8	4	-1	8	4	-1	8	4	-1	8	4	-1	2	318	50	50	313	50	50	4	318	50	50	313	50	50	4	-1	-1	342	114	4	-1	-1	-1	-1	34	34	33	33	18	4	6	-1	-1	-1	-1	-1	4	4	4	4	-1	-1	-1	-1	-1	-1
27	3724	50	-1	1923	50	-1	8	4	-1	8	4	-1	8	4	-1	8	4	-1	2	329	50	50	323	50	50	4	329	50	50	323	50	50	4	-1	-1	354	118	4	-1	-1	-1	-1	35	35	34	34	19	4	7	-1	-1	-1	-1	-1	4	4	4	4	-1	-1	-1	-1	-1	-1
28	3844	50	-1	1985	50	-1	8	4	-1	8	4	-1	8	4	-1	8	4	-1	2	339	50	50	334	50	50	4	339	50	50	334	50	50	4	-1	-1	366	122	4	-1	-1	-1	-1	36	36	35	35	19	4	7	-1	-1	-1	-1	-1	4	4	4	4	-1	-1	-1	-1	-1	-1
29	3965	50	-1	2047	50	-1	9	4	-1	9	4	-1	9	4	-1	9	4	-1	3	350	50	50	345	50	50	4	350	50	50	345	50	50	4	-1	-1	378	126	4	-1	-1	-1	-1	37	37	36	36	20	4	7	-1	-1	-1	-1	-1	4	4	4	4	-1	-1	-1	-1	-1	-1
30	4085	50	-1	2108	50	-1	9	4	-1	9	4	-1	9	4	-1	9	4	-1	3	360	50	50	355	50	50	4	360	50	50	355	50	50	4	-1	-1	390	130	4	-1	-1	-1	-1	38	38	37	37	20	4	7	-1	-1	-1	-1	-1	4	4	4	4	-1	-1	-1	-1	-1	-1
31	4206	50	-1	2170	50	-1	9	4	-1	9	4	-1	9	4	-1	9	4	-1	3	371	50	50	366	50	50	4	371	50	50	366	50	50	4	-1	-1	402	134	4	-1	-1	-1	-1	40	40	39	39	21	4	7	-1	-1	-1	-1	-1	4	4	4	4	-1	-1	-1	-1	-1	-1
32	4326	50	-1	2232	50	-1	9	4	-1	9	4	-1	9	4	-1	9	4	-1	3	382	50	50	377	50	50	4	382	50	50	377	50	50	4	-1	-1	414	138	4	-1	-1	-1	-1	41	41	40	40	22	4	8	-1	-1	-1	-1	-1	4	4	4	4	-1	-1	-1	-1	-1	-1
33	4447	50	-1	2294	50	-1	9	4	-1	9	4	-1	9	4	-1	9	4	-1	3	392	50	50	387	50	50	4	392	50	50	387	50	50	4	-1	-1	426	142	4	-1	-1	-1	-1	42	42	41	41	22	4	8	-1	-1	-1	-1	-1	4	4	4	4	-1	-1	-1	-1	-1	-1
34	4567	50	-1	2356	50	-1	10	4	-1	10	4	-1	10	4	-1	10	4	-1	3	403	50	50	398	50	50	4	403	50	50	398	50	50	4	-1	-1	438	146	4	-1	-1	-1	-1	43	43	42	42	23	4	8	-1	-1	-1	-1	-1	4	4	4	4	-1	-1	-1	-1	-1	-1
35	4688	50	-1	2418	50	-1	10	5	-1	10	5	-1	10	5	-1	10	5	-1	3	414	50	50	409	50	50	5	414	50	50	409	50	50	5	-1	-1	450	150	4	-1	-1	-1	-1	44	44	43	43	23	4	8	-1	-1	-1	-1	-1	5	5	5	5	-1	-1	-1	-1	-1	-1
36	4808	50	-1	2480	50	-1	10	5	-1	10	5	-1	10	5	-1	10	5	-1	3	424	50	50	419	50	50	5	424	50	50	419	50	50	5	-1	-1	462	154	4	-1	-1	-1	-1	45	45	44	44	24	4	8	-1	-1	-1	-1	-1	5	5	5	5	-1	-1	-1	-1	-1	-1
37	4929	50	-1	2542	50	-1	10	5	-1	10	5	-1	10	5	-1	10	5	-1	3	435	50	50	430	50	50	5	435	50	50	430	50	50	5	-1	-1	474	158	5	-1	-1	-1	-1	46	46	45	45	25	5	9	-1	-1	-1	-1	-1	5	5	5	5	-1	-1	-1	-1	-1	-1
38	5049	50	-1	2604	50	-1	10	5	-1	10	5	-1	10	5	-1	10	5	-1	3	446	50	50	441	50	50	5	446	50	50	441	50	50	5	-1	-1	486	162	5	-1	-1	-1	-1	47	47	46	46	25	5	9	-1	-1	-1	-1	-1	5	5	5	5	-1	-1	-1	-1	-1	-1
39	5170	50	-1	2666	50	-1	11	5	-1	11	5	-1	11	5	-1	11	5	-1	3	456	50	50	451	50	50	5	456	50	50	451	50	50	5	-1	-1	498	166	5	-1	-1	-1	-1	48	48	47	47	26	5	9	-1	-1	-1	-1	-1	5	5	5	5	-1	-1	-1	-1	-1	-1
40	5290	50	-1	2727	50	-1	11	5	-1	11	5	-1	11	5	-1	11	5	-1	3	467	50	50	462	50	50	5	467	50	50	462	50	50	5	-1	-1	510	170	5	-1	-1	-1	-1	49	49	48	48	26	5	9	-1	-1	-1	-1	-1	5	5	5	5	-1	-1	-1	-1	-1	-1
41	5411	50	-1	2789	50	-1	11	5	-1	11	5	-1	11	5	-1	11	5	-1	3	478	50	50	473	50	50	5	478	50	50	473	50	50	5	-1	-1	522	174	5	-1	-1	-1	-1	51	51	50	50	27	5	9	-1	-1	-1	-1	-1	5	5	5	5	-1	-1	-1	-1	-1	-1
42	5531	50	-1	2851	50	-1	11	5	-1	11	5	-1	11	5	-1	11	5	-1	3	488	50	50	483	50	50	5	488	50	50	483	50	50	5	-1	-1	534	178	5	-1	-1	-1	-1	52	52	51	51	28	5	10	-1	-1	-1	-1	-1	5	5	5	5	-1	-1	-1	-1	-1	-1
43	5652	50	-1	2913	50	-1	11	5	-1	11	5	-1	11	5	-1	11	5	-1	3	499	50	50	494	50	50	5	499	50	50	494	50	50	5	-1	-1	546	182	5	-1	-1	-1	-1	53	53	52	52	28	5	10	-1	-1	-1	-1	-1	5	5	5	5	-1	-1	-1	-1	-1	-1
44	5772	50	-1	2975	50	-1	12	6	-1	12	6	-1	12	6	-1	12	6	-1	3	510	50	50	504	50	50	6	510	50	50	504	50	50	6	-1	-1	558	186	5	-1	-1	-1	-1	54	54	53	53	29	5	10	-1	-1	-1	-1	-1	6	6	6	6	-1	-1	-1	-1	-1	-1
45	5893	50	-1	3037	50	-1	12	6	-1	12	6	-1	12	6	-1	12	6	-1	3	520	50	50	515	50	50	6	520	50	50	515	50	50	6	-1	-1	570	190	5	-1	-1	-1	-1	55	55	54	54	29	5	10	-1	-1	-1	-1	-1	6	6	6	6	-1	-1	-1	-1	-1	-1
46	6013	50	-1	3099	50	-1	12	6	-1	12	6	-1	12	6	-1	12	6	-1	3	531	50	50	526	50	50	6	531	50	50	526	50	50	6	-1	-1	582	194	5	-1	-1	-1	-1	56	56	55	55	30	5	10	-1	-1	-1	-1	-1	6	6	6	6	-1	-1	-1	-1	-1	-1
47	6134	50	-1	3161	50	-1	12	6	-1	12	6	-1	12	6	-1	12	6	-1	3	541	50	50	536	50	50	6	541	50	50	536	50	50	6	-1	-1	594	198	5	-1	-1	-1	-1	57	57	56	56	31	5	11	-1	-1	-1	-1	-1	6	6	6	6	-1	-1	-1	-1	-1	-1
48	6254	50	-1	3223	50	-1	12	6	-1	12	6	-1	12	6	-1	12	6	-1	3	552	50	50	547	50	50	6	552	50	50	547	50	50	6	-1	-1	606	202	5	-1	-1	-1	-1	58	58	57	57	31	5	11	-1	-1	-1	-1	-1	6	6	6	6	-1	-1	-1	-1	-1	-1
49	6375	50	-1	3285	50	-1	13	6	-1	13	6	-1	13	6	-1	13	6	-1	4	563	50	50	558	50	50	6	563	50	50	558	50	50	6	-1	-1	618	206	6	-1	-1	-1	-1	59	59	58	58	32	6	11	-1	-1	-1	-1	-1	6	6	6	6	-1	-1	-1	-1	-1	-1
50	6495	50	-1	3346	50	-1	13	6	-1	13	6	-1	13	6	-1	13	6	-1	4	573	50	50	568	50	50	6	573	50	50	568	50	50	6	-1	-1	630	210	6	-1	-1	-1	-1	60	60	59	59	32	6	11	-1	-1	-1	-1	-1	6	6	6	6	-1	-1	-1	-1	-1	-1
51	6616	50	-1	3408	50	-1	13	6	-1	13	6	-1	13	6	-1	13	6	-1	4	584	50	50	579	50	50	6	584	50	50	579	50	50	6	-1	-1	642	214	6	-1	-1	-1	-1	62	62	61	61	33	6	11	-1	-1	-1	-1	-1	6	6	6	6	-1	-1	-1	-1	-1	-1
52	6736	50	-1	3470	50	-1	13	6	-1	13	6	-1	13	6	-1	13	6	-1	4	595	50	50	590	50	50	6	595	50	50	590	50	50	6	-1	-1	654	218	6	-1	-1	-1	-1	63	63	62	62	34	6	12	-1	-1	-1	-1	-1	6	6	6	6	-1	-1	-1	-1	-1	-1
53	6857	50	-1	3532	50	-1	13	7	-1	13	7	-1	13	7	-1	13	7	-1	4	605	50	50	600	50	50	7	605	50	50	600	50	50	7	-1	-1	666	222	6	-1	-1	-1	-1	64	64	63	63	34	6	12	-1	-1	-1	-1	-1	7	7	7	7	-1	-1	-1	-1	-1	-1
54	6977	50	-1	3594	50	-1	14	7	-1	14	7	-1	14	7	-1	14	7	-1	4	616	50	50	611	50	50	7	616	50	50	611	50	50	7	-1	-1	678	226	6	-1	-1	-1	-1	65	65	64	64	35	6	12	-1	-1	-1	-1	-1	7	7	7	7	-1	-1	-1	-1	-1	-1
55	7098	50	-1	3656	50	-1	14	7	-1	14	7	-1	14	7	-1	14	7	-1	4	627	50	50	622	50	50	7	627	50	50	622	50	50	7	-1	-1	690	230	6	-1	-1	-1	-1	66	66	65	65	35	6	12	-1	-1	-1	-1	-1	7	7	7	7	-1	-1	-1	-1	-1	-1
56	7218	50	-1	3718	50	-1	14	7	-1	14	7	-1	14	7	-1	14	7	-1	4	637	50	50	632	50	50	7	637	50	50	632	50	50	7	-1	-1	702	234	6	-1	-1	-1	-1	67	67	66	66	36	6	12	-1	-1	-1	-1	-1	7	7	7	7	-1	-1	-1	-1	-1	-1
57	7339	50	-1	3780	50	-1	14	7	-1	14	7	-1	14	7	-1	14	7	-1	4	648	50	50	643	50	50	7	648	50	50	643	50	50	7	-1	-1	714	238	6	-1	-1	-1	-1	68	68	67	67	37	6	13	-1	-1	-1	-1	-1	7	7	7	7	-1	-1	-1	-1	-1	-1
58	7459	50	-1	3842	50	-1	14	7	-1	14	7	-1	14	7	-1	14	7	-1	4	659	50	50	654	50	50	7	659	50	50	654	50	50	7	-1	-1	726	242	6	-1	-1	-1	-1	69	69	68	68	37	6	13	-1	-1	-1	-1	-1	7	7	7	7	-1	-1	-1	-1	-1	-1
59	7580	50	-1	3904	50	-1	15	7	-1	15	7	-1	15	7	-1	15	7	-1	4	669	50	50	664	50	50	7	669	50	50	664	50	50	7	-1	-1	738	246	6	-1	-1	-1	-1	70	70	69	69	38	6	13	-1	-1	-1	-1	-1	7	7	7	7	-1	-1	-1	-1	-1	-1
60	7700	50	-1	3965	50	-1	15	7	-1	15	7	-1	15	7	-1	15	7	-1	4	680	50	50	675	50	50	7	680	50	50	675	50	50	7	-1	-1	750	250	6	-1	-1	-1	-1	71	71	70	70	38	6	13	-1	-1	-1	-1	-1	7	7	7	7	-1	-1	-1	-1	-1	-1
61	7821	50	-1	4027	50	-1	15	7	-1	15	7	-1	15	7	-1	15	7	-1	4	691	50	50	685	50	50	7	691	50	50	685	50	50	7	-1	-1	762	254	6	-1	-1	-1	-1	73	73	72	72	39	6	13	-1	-1	-1	-1	-1	7	7	7	7	-1	-1	-1	-1	-1	-1
62	7941	50	-1	4089	50	-1	15	7	-1	15	7	-1	15	7	-1	15	7	-1	4	701	50	50	696	50	50	7	701	50	50	696	50	50	7	-1	-1	774	258	7	-1	-1	-1	-1	74	74	73	73	40	7	14	-1	-1	-1	-1	-1	7	7	7	7	-1	-1	-1	-1	-1	-1
63	8062	50	-1	4151	50	-1	16	8	-1	16	8	-1	16	8	-1	16	8	-1	4	712	50	50	707	50	50	8	712	50	50	707	50	50	8	-1	-1	786	262	7	-1	-1	-1	-1	75	75	74	74	40	7	14	-1	-1	-1	-1	-1	8	8	8	8	-1	-1	-1	-1	-1	-1
64	8182	50	-1	4213	50	-1	16	8	-1	16	8	-1	16	8	-1	16	8	-1	4	722	50	50	717	50	50	8	722	50	50	717	50	50	8	-1	-1	798	266	7	-1	-1	-1	-1	76	76	75	75	41	7	14	-1	-1	-1	-1	-1	8	8	8	8	-1	-1	-1	-1	-1	-1
65	8303	50	-1	4275	50	-1	16	8	-1	16	8	-1	16	8	-1	16	8	-1	4	733	50	50	728	50	50	8	733	50	50	728	50	50	8	-1	-1	810	270	7	-1	-1	-1	-1	77	77	76	76	41	7	14	-1	-1	-1	-1	-1	8	8	8	8	-1	-1	-1	-1	-1	-1
66	8423	50	-1	4337	50	-1	16	8	-1	16	8	-1	16	8	-1	16	8	-1	4	744	50	50	739	50	50	8	744	50	50	739	50	50	8	-1	-1	822	274	7	-1	-1	-1	-1	78	78	77	77	42	7	14	-1	-1	-1	-1	-1	8	8	8	8	-1	-1	-1	-1	-1	-1
67	8544	50	-1	4399	50	-1	16	8	-1	16	8	-1	16	8	-1	16	8	-1	4	754	50	50	749	50	50	8	754	50	50	749	50	50	8	-1	-1	834	278	7	-1	-1	-1	-1	79	79	78	78	43	7	15	-1	-1	-1	-1	-1	8	8	8	8	-1	-1	-1	-1	-1	-1
68	8664	50	-1	4461	50	-1	17	8	-1	17	8	-1	17	8	-1	17	8	-1	5	765	50	50	760	50	50	8	765	50	50	760	50	50	8	-1	-1	846	282	7	-1	-1	-1	-1	80	80	79	79	43	7	15	-1	-1	-1	-1	-1	8	8	8	8	-1	-1	-1	-1	-1	-1
69	8785	50	-1	4523	50	-1	17	8	-1	17	8	-1	17	8	-1	17	8	-1	5	776	50	50	771	50	50	8	776	50	50	771	50	50	8	-1	-1	858	286	7	-1	-1	-1	-1	81	81	80	80	44	7	15	-1	-1	-1	-1	-1	8	8	8	8	-1	-1	-1	-1	-1	-1
70	8905	50	-1	4584	50	-1	17	8	-1	17	8	-1	17	8	-1	17	8	-1	5	786	50	50	781	50	50	8	786	50	50	781	50	50	8	-1	-1	870	290	7	-1	-1	-1	-1	82	82	81	81	44	7	15	-1	-1	-1	-1	-1	8	8	8	8	-1	-1	-1	-1	-1	-1
71	9026	50	-1	4646	50	-1	17	8	-1	17	8	-1	17	8	-1	17	8	-1	5	797	50	50	792	50	50	8	797	50	50	792	50	50	8	-1	-1	882	294	7	-1	-1	-1	-1	84	84	83	83	45	7	15	-1	-1	-1	-1	-1	8	8	8	8	-1	-1	-1	-1	-1	-1
72	9146	50	-1	4708	50	-1	17	9	-1	17	9	-1	17	9	-1	17	9	-1	5	808	50	50	803	50	50	9	808	50	50	803	50	50	9	-1	-1	894	298	7	-1	-1	-1	-1	85	85	84	84	46	7	16	-1	-1	-1	-1	-1	9	9	9	9	-1	-1	-1	-1	-1	-1
73	9267	50	-1	4770	50	-1	18	9	-1	18	9	-1	18	9	-1	18	9	-1	5	818	50	50	813	50	50	9	818	50	50	813	50	50	9	-1	-1	906	302	7	-1	-1	-1	-1	86	86	85	85	46	7	16	-1	-1	-1	-1	-1	9	9	9	9	-1	-1	-1	-1	-1	-1
74	9387	50	-1	4832	50	-1	18	9	-1	18	9	-1	18	9	-1	18	9	-1	5	829	50	50	824	50	50	9	829	50	50	824	50	50	9	-1	-1	918	306	8	-1	-1	-1	-1	87	87	86	86	47	8	16	-1	-1	-1	-1	-1	9	9	9	9	-1	-1	-1	-1	-1	-1
75	9508	50	-1	4894	50	-1	18	9	-1	18	9	-1	18	9	-1	18	9	-1	5	840	50	50	835	50	50	9	840	50	50	835	50	50	9	-1	-1	930	310	8	-1	-1	-1	-1	88	88	87	87	47	8	16	-1	-1	-1	-1	-1	9	9	9	9	-1	-1	-1	-1	-1	-1
76	9628	50	-1	4956	50	-1	18	9	-1	18	9	-1	18	9	-1	18	9	-1	5	850	50	50	845	50	50	9	850	50	50	845	50	50	9	-1	-1	942	314	8	-1	-1	-1	-1	89	89	88	88	48	8	16	-1	-1	-1	-1	-1	9	9	9	9	-1	-1	-1	-1	-1	-1
77	9749	50	-1	5018	50	-1	18	9	-1	18	9	-1	18	9	-1	18	9	-1	5	861	50	50	856	50	50	9	861	50	50	856	50	50	9	-1	-1	954	318	8	-1	-1	-1	-1	90	90	89	89	49	8	17	-1	-1	-1	-1	-1	9	9	9	9	-1	-1	-1	-1	-1	-1
78	9869	50	-1	5080	50	-1	19	9	-1	19	9	-1	19	9	-1	19	9	-1	5	872	50	50	866	50	50	9	872	50	50	866	50	50	9	-1	-1	966	322	8	-1	-1	-1	-1	91	91	90	90	49	8	17	-1	-1	-1	-1	-1	9	9	9	9	-1	-1	-1	-1	-1	-1
79	9990	50	-1	5142	50	-1	19	9	-1	19	9	-1	19	9	-1	19	9	-1	5	882	50	50	877	50	50	9	882	50	50	877	50	50	9	-1	-1	978	326	8	-1	-1	-1	-1	92	92	91	91	50	8	17	-1	-1	-1	-1	-1	9	9	9	9	-1	-1	-1	-1	-1	-1
80	10110	50	-1	5203	50	-1	19	9	-1	19	9	-1	19	9	-1	19	9	-1	5	893	50	50	888	50	50	9	893	50	50	888	50	50	9	-1	-1	990	330	8	-1	-1	-1	-1	93	93	92	92	50	8	17	-1	-1	-1	-1	-1	9	9	9	9	-1	-1	-1	-1	-1	-1
81	10231	50	-1	5265	50	-1	19	10	-1	19	10	-1	19	10	-1	19	10	-1	5	903	50	50	898	50	50	10	903	50	50	898	50	50	10	-1	-1	1002	334	8	-1	-1	-1	-1	95	95	94	94	51	8	17	-1	-1	-1	-1	-1	10	10	10	10	-1	-1	-1	-1	-1	-1
82	10351	50	-1	5327	50	-1	19	10	-1	19	10	-1	19	10	-1	19	10	-1	5	914	50	50	909	50	50	10	914	50	50	909	50	50	10	-1	-1	1014	338	8	-1	-1	-1	-1	96	96	95	95	52	8	18	-1	-1	-1	-1	-1	10	10	10	10	-1	-1	-1	-1	-1	-1
83	10472	50	-1	5389	50	-1	20	10	-1	20	10	-1	20	10	-1	20	10	-1	5	925	50	50	920	50	50	10	925	50	50	920	50	50	10	-1	-1	1026	342	8	-1	-1	-1	-1	97	97	96	96	52	8	18	-1	-1	-1	-1	-1	10	10	10	10	-1	-1	-1	-1	-1	-1
84	10592	50	-1	5451	50	-1	20	10	-1	20	10	-1	20	10	-1	20	10	-1	5	935	50	50	930	50	50	10	935	50	50	930	50	50	10	-1	-1	1038	346	8	-1	-1	-1	-1	98	98	97	97	53	8	18	-1	-1	-1	-1	-1	10	10	10	10	-1	-1	-1	-1	-1	-1
85	10713	50	-1	5513	50	-1	20	10	-1	20	10	-1	20	10	-1	20	10	-1	5	946	50	50	941	50	50	10	946	50	50	941	50	50	10	-1	-1	1050	350	8	-1	-1	-1	-1	99	99	98	98	53	8	18	-1	-1	-1	-1	-1	10	10	10	10	-1	-1	-1	-1	-1	-1
86	10833	50	-1	5575	50	-1	20	10	-1	20	10	-1	20	10	-1	20	10	-1	5	957	50	50	952	50	50	10	957	50	50	952	50	50	10	-1	-1	1062	354	8	-1	-1	-1	-1	100	100	99	99	54	8	18	-1	-1	-1	-1	-1	10	10	10	10	-1	-1	-1	-1	-1	-1
87	10954	50	-1	5637	50	-1	20	10	-1	20	10	-1	20	10	-1	20	10	-1	5	967	50	50	962	50	50	10	967	50	50	962	50	50	10	-1	-1	1074	358	9	-1	-1	-1	-1	101	101	100	100	55	9	19	-1	-1	-1	-1	-1	10	10	10	10	-1	-1	-1	-1	-1	-1
88	11074	50	-1	5699	50	-1	21	10	-1	21	10	-1	21	10	-1	21	10	-1	6	978	50	50	973	50	50	10	978	50	50	973	50	50	10	-1	-1	1086	362	9	-1	-1	-1	-1	102	102	101	101	55	9	19	-1	-1	-1	-1	-1	10	10	10	10	-1	-1	-1	-1	-1	-1
89	11195	50	-1	5761	50	-1	21	10	-1	21	10	-1	21	10	-1	21	10	-1	6	989	50	50	984	50	50	10	989	50	50	984	50	50	10	-1	-1	1098	366	9	-1	-1	-1	-1	103	103	102	102	56	9	19	-1	-1	-1	-1	-1	10	10	10	10	-1	-1	-1	-1	-1	-1
90	11315	50	-1	5822	50	-1	21	11	-1	21	11	-1	21	11	-1	21	11	-1	6	999	50	50	994	50	50	11	999	50	50	994	50	50	11	-1	-1	1110	370	9	-1	-1	-1	-1	104	104	103	103	56	9	19	-1	-1	-1	-1	-1	11	11	11	11	-1	-1	-1	-1	-1	-1
91	11436	50	-1	5884	50	-1	21	11	-1	21	11	-1	21	11	-1	21	11	-1	6	1010	50	50	1005	50	50	11	1010	50	50	1005	50	50	11	-1	-1	1122	374	9	-1	-1	-1	-1	106	106	105	105	57	9	19	-1	-1	-1	-1	-1	11	11	11	11	-1	-1	-1	-1	-1	-1
92	11556	50	-1	5946	50	-1	21	11	-1	21	11	-1	21	11	-1	21	11	-1	6	1021	50	50	1016	50	50	11	1021	50	50	1016	50	50	11	-1	-1	1134	378	9	-1	-1	-1	-1	107	107	106	106	58	9	20	-1	-1	-1	-1	-1	11	11	11	11	-1	-1	-1	-1	-1	-1
93	11677	50	-1	6008	50	-1	22	11	-1	22	11	-1	22	11	-1	22	11	-1	6	1031	50	50	1026	50	50	11	1031	50	50	1026	50	50	11	-1	-1	1146	382	9	-1	-1	-1	-1	108	108	107	107	58	9	20	-1	-1	-1	-1	-1	11	11	11	11	-1	-1	-1	-1	-1	-1
94	11797	50	-1	6070	50	-1	22	11	-1	22	11	-1	22	11	-1	22	11	-1	6	1042	50	50	1037	50	50	11	1042	50	50	1037	50	50	11	-1	-1	1158	386	9	-1	-1	-1	-1	109	109	108	108	59	9	20	-1	-1	-1	-1	-1	11	11	11	11	-1	-1	-1	-1	-1	-1
95	11918	50	-1	6132	50	-1	22	11	-1	22	11	-1	22	11	-1	22	11	-1	6	1053	50	50	1047	50	50	11	1053	50	50	1047	50	50	11	-1	-1	1170	390	9	-1	-1	-1	-1	110	110	109	109	59	9	20	-1	-1	-1	-1	-1	11	11	11	11	-1	-1	-1	-1	-1	-1
96	12038	50	-1	6194	50	-1	22	11	-1	22	11	-1	22	11	-1	22	11	-1	6	1063	50	50	1058	50	50	11	1063	50	50	1058	50	50	11	-1	-1	1182	394	9	-1	-1	-1	-1	111	111	110	110	60	9	20	-1	-1	-1	-1	-1	11	11	11	11	-1	-1	-1	-1	-1	-1
97	12159	50	-1	6256	50	-1	22	11	-1	22	11	-1	22	11	-1	22	11	-1	6	1074	50	50	1069	50	50	11	1074	50	50	1069	50	50	11	-1	-1	1194	398	9	-1	-1	-1	-1	112	112	111	111	61	9	21	-1	-1	-1	-1	-1	11	11	11	11	-1	-1	-1	-1	-1	-1
98	12279	50	-1	6318	50	-1	23	11	-1	23	11	-1	23	11	-1	23	11	-1	6	1084	50	50	1079	50	50	11	1084	50	50	1079	50	50	11	-1	-1	1206	402	9	-1	-1	-1	-1	113	113	112	112	61	9	21	-1	-1	-1	-1	-1	11	11	11	11	-1	-1	-1	-1	-1	-1
99	12400	50	-1	6380	50	-1	23	12	-1	23	12	-1	23	12	-1	23	12	-1	6	1095	50	50	1090	50	50	12	1095	50	50	1090	50	50	12	-1	-1	1218	406	10	-1	-1	-1	-1	114	114	113	113	62	10	21	-1	-1	-1	-1	-1	12	12	12	12	-1	-1	-1	-1	-1	-1
100	32888	50	-1	6441	50	-1	23	12	-1	23	12	-1	23	12	-1	23	12	-1	6	1106	50	50	1888+AM102	50	50	12	1106	50	50	1888	50	50	12	-1	-1	1230	410	10	-1	-1	-1	-1	250	250	250	250	250	10	21	-1	-1	-1	-1	-1	12	12	12	12	-1	-1	-1	-1	-1	-1
101	12641	50	-1	6503	50	-1	23	12	-1	23	12	-1	23	12	-1	23	12	-1	6	1116	50	50	1111	50	50	12	1116	50	50	1111	50	50	12	-1	-1	1242	414	10	-1	-1	-1	-1	117	117	116	116	64	10	22	-1	-1	-1	-1	-1	12	12	12	12	-1	-1	-1	-1	-1	-1
102	12761	18	-1	6565	50	-1	23	12	-1	23	12	-1	23	12	-1	23	12	-1	6	1127	50	50	1122	50	50	12	1127	50	50	1122	50	50	12	-1	-1	1254	418	10	-1	-1	-1	-1	118	118	117	117	65	10	22	-1	-1	-1	-1	-1	12	12	12	12	-1	-1	-1	-1	-1	-1
103	12882	50	-1	6627	50	-1	24	12	-1	24	12	-1	24	12	-1	24	12	-1	6	1138	50	50	1133	50	50	12	1138	50	50	1133	50	50	12	-1	-1	1266	422	10	-1	-1	-1	-1	119	119	118	118	66	10	22	-1	-1	-1	-1	-1	12	12	12	12	-1	-1	-1	-1	-1	-1
104	13002	50	-1	6689	50	-1	24	12	-1	24	12	-1	24	12	-1	24	12	-1	6	1148	50	50	1143	50	50	12	1148	50	50	1143	50	50	12	-1	-1	1278	426	10	-1	-1	-1	-1	120	120	119	119	67	10	23	-1	-1	-1	-1	-1	12	12	12	12	-1	-1	-1	-1	-1	-1
105	13123	50	-1	6751	50	-1	24	12	-1	24	12	-1	24	12	-1	24	12	-1	6	1159	50	50	1154	50	50	12	1159	50	50	1154	50	50	12	-1	-1	1290	430	10	-1	-1	-1	-1	121	121	120	120	68	10	23	-1	-1	-1	-1	-1	12	12	12	12	-1	-1	-1	-1	-1	-1
106	13243	50	-1	6813	50	-1	24	12	-1	24	12	-1	24	12	-1	24	12	-1	6	1170	50	50	1165	50	50	12	1170	50	50	1165	50	50	12	-1	-1	1302	434	11	-1	-1	-1	-1	122	122	121	121	69	11	23	-1	-1	-1	-1	-1	12	12	12	12	-1	-1	-1	-1	-1	-1
107	13364	50	-1	6875	50	-1	25	12	-1	25	12	-1	25	12	-1	25	12	-1	7	1180	50	50	1175	50	50	12	1180	50	50	1175	50	50	12	-1	-1	1314	438	11	-1	-1	-1	-1	123	123	122	122	70	11	24	-1	-1	-1	-1	-1	12	12	12	12	-1	-1	-1	-1	-1	-1
108	13484	50	-1	6937	50	-1	25	13	-1	25	13	-1	25	13	-1	25	13	-1	7	1191	50	50	1186	50	50	13	1191	50	50	1186	50	50	13	-1	-1	1326	442	11	-1	-1	-1	-1	124	124	123	123	72	11	24	-1	-1	-1	-1	-1	13	13	13	13	-1	-1	-1	-1	-1	-1
109	13605	50	-1	6999	50	-1	25	13	-1	25	13	-1	25	13	-1	25	13	-1	7	1202	50	50	1197	50	50	13	1202	50	50	1197	50	50	13	-1	-1	1338	446	11	-1	-1	-1	-1	125	125	124	124	73	11	25	-1	-1	-1	-1	-1	13	13	13	13	-1	-1	-1	-1	-1	-1
110	13725	50	-1	7060	50	-1	25	13	-1	25	13	-1	25	13	-1	25	13	-1	7	1212	50	50	1207	50	50	13	1212	50	50	1207	50	50	13	-1	-1	1350	450	11	-1	-1	-1	-1	126	126	125	125	74	11	25	-1	-1	-1	-1	-1	13	13	13	13	-1	-1	-1	-1	-1	-1
111	13846	50	-1	7122	50	-1	25	13	-1	25	13	-1	25	13	-1	25	13	-1	7	1223	50	50	1218	50	50	13	1223	50	50	1218	50	50	13	-1	-1	1362	454	12	-1	-1	-1	-1	128	128	127	127	75	12	25	-1	-1	-1	-1	-1	13	13	13	13	-1	-1	-1	-1	-1	-1
112	13966	33	-1	7184	50	-1	26	13	-1	26	13	-1	26	13	-1	26	13	-1	7	1234	50	50	1228	50	50	13	1234	50	50	1228	50	50	13	-1	-1	1374	458	12	-1	-1	-1	-1	129	129	128	128	76	12	26	-1	-1	-1	-1	-1	13	13	13	13	-1	-1	-1	-1	-1	-1
113	14087	50	-1	7246	50	-1	26	13	-1	26	13	-1	26	13	-1	26	13	-1	7	1244	50	50	1239	50	50	13	1244	50	50	1239	50	50	13	-1	-1	1386	462	12	-1	-1	-1	-1	130	130	129	129	78	12	26	-1	-1	-1	-1	-1	13	13	13	13	-1	-1	-1	-1	-1	-1
114	14207	50	-1	7308	50	-1	26	13	-1	26	13	-1	26	13	-1	26	13	-1	7	1255	50	50	1250	50	50	13	1255	50	50	1250	50	50	13	-1	-1	1398	466	12	-1	-1	-1	-1	131	131	130	130	79	12	26	-1	-1	-1	-1	-1	13	13	13	13	-1	-1	-1	-1	-1	-1
115	14328	50	-1	7370	50	-1	26	13	-1	26	13	-1	26	13	-1	26	13	-1	7	1265	50	50	1260	50	50	13	1265	50	50	1260	50	50	13	-1	-1	1410	470	12	-1	-1	-1	-1	132	132	131	131	80	12	27	-1	-1	-1	-1	-1	13	13	13	13	-1	-1	-1	-1	-1	-1
116	14448	50	-1	7432	50	-1	26	13	-1	26	13	-1	26	13	-1	26	13	-1	7	1276	50	50	1271	50	50	13	1276	50	50	1271	50	50	13	-1	-1	1422	474	13	-1	-1	-1	-1	133	133	132	132	81	13	27	-1	-1	-1	-1	-1	13	13	13	13	-1	-1	-1	-1	-1	-1
117	14569	50	-1	7494	50	-1	27	14	-1	27	14	-1	27	14	-1	27	14	-1	7	1287	50	50	1282	50	50	14	1287	50	50	1282	50	50	14	-1	-1	1434	478	13	-1	-1	-1	-1	134	134	133	133	83	13	28	-1	-1	-1	-1	-1	14	14	14	14	-1	-1	-1	-1	-1	-1
118	14689	50	-1	7556	50	-1	27	14	-1	27	14	-1	27	14	-1	27	14	-1	7	1297	50	50	1292	50	50	14	1297	50	50	1292	50	50	14	-1	-1	1446	482	13	-1	-1	-1	-1	135	135	134	134	84	13	28	-1	-1	-1	-1	-1	14	14	14	14	-1	-1	-1	-1	-1	-1
119	14810	50	-1	7618	50	-1	27	14	-1	27	14	-1	27	14	-1	27	14	-1	7	1308	50	50	1303	50	50	14	1308	50	50	1303	50	50	14	-1	-1	1458	486	13	-1	-1	-1	-1	136	136	135	135	85	13	28	-1	-1	-1	-1	-1	14	14	14	14	-1	-1	-1	-1	-1	-1
120	14930	50	-1	7679	50	-1	27	14	-1	27	14	-1	27	14	-1	27	14	-1	7	1319	50	50	1314	50	50	14	1319	50	50	1314	50	50	14	-1	-1	1470	490	13	-1	-1	-1	-1	137	137	136	136	86	13	29	-1	-1	-1	-1	-1	14	14	14	14	-1	-1	-1	-1	-1	-1
121	15051	50	-1	7741	50	-1	27	14	-1	27	14	-1	27	14	-1	27	14	-1	7	1329	50	50	1324	50	50	14	1329	50	50	1324	50	50	14	0	-1	1482	494	14	-1	-1	-1	-1	139	139	138	138	88	14	29	-1	-1	-1	-1	-1	14	14	14	14	-1	-1	-1	-1	-1	-1
122	15171	50	-1	7803	50	-1	27	14	-1	27	14	-1	27	14	-1	27	14	-1	7	1340	50	50	1335	50	50	14	1340	50	50	1335	50	50	14	1	-1	1494	498	14	-1	-1	-1	-1	140	140	139	139	89	14	30	-1	-1	-1	-1	-1	14	14	14	14	-1	-1	-1	-1	-1	-1
123	15292	50	-1	7865	50	-1	27	14	-1	27	14	-1	27	14	-1	27	14	-1	7	1351	50	50	1346	50	50	14	1351	50	50	1346	50	50	14	2	-1	1506	502	14	-1	-1	-1	-1	141	141	140	140	90	14	30	-1	-1	-1	-1	-1	14	14	14	14	-1	-1	-1	-1	-1	-1
124	15412	50	-1	7927	50	-1	27	14	-1	27	14	-1	27	14	-1	27	14	-1	7	1361	50	50	1356	50	50	14	1361	50	50	1356	50	50	14	3	-1	1518	506	14	-1	-1	-1	-1	142	142	141	141	92	14	30	-1	-1	-1	-1	-1	14	14	14	14	-1	-1	-1	-1	-1	-1
125	15533	50	-1	7989	50	-1	27	14	-1	27	14	-1	27	14	-1	27	14	-1	7	1372	50	50	1367	50	50	14	1372	50	50	1367	50	50	14	4	-1	1530	510	14	-1	-1	-1	-1	143	143	142	142	93	14	31	-1	-1	-1	-1	-1	14	14	14	14	-1	-1	-1	-1	-1	-1
126	15653	50	-1	8051	50	-1	27	14	-1	27	14	-1	27	14	-1	27	14	-1	7	1383	50	50	1378	50	50	14	1383	50	50	1378	50	50	14	5	-1	1542	514	15	-1	-1	-1	-1	144	144	143	143	94	15	31	-1	-1	-1	-1	-1	14	14	14	14	-1	-1	-1	-1	-1	-1
127	15774	50	-1	8113	50	-1	27	14	-1	27	14	-1	27	14	-1	27	14	-1	7	1393	50	50	1388	50	50	14	1393	50	50	1388	50	50	14	6	-1	1554	518	15	-1	-1	-1	-1	145	145	144	144	96	15	32	-1	-1	-1	-1	-1	14	14	14	14	-1	-1	-1	-1	-1	-1
128	15894	50	-1	8175	50	-1	27	14	-1	27	14	-1	27	14	-1	27	14	-1	7	1404	50	50	1399	50	50	14	1404	50	50	1399	50	50	14	7	-1	1566	522	15	-1	-1	-1	-1	146	146	145	145	97	15	32	-1	-1	-1	-1	-1	14	14	14	14	-1	-1	-1	-1	-1	-1
129	16015	50	-1	8237	50	-1	27	14	-1	27	14	-1	27	14	-1	27	14	-1	7	1415	50	50	1409	50	50	14	1415	50	50	1409	50	50	14	8	-1	1578	526	15	-1	-1	-1	-1	147	147	146	146	98	15	33	-1	-1	-1	-1	-1	14	14	14	14	-1	-1	-1	-1	-1	-1
130	16135	50	-1	8298	50	-1	27	14	-1	27	14	-1	27	14	-1	27	14	-1	7	1425	50	50	1420	50	50	14	1425	50	50	1420	50	50	14	9	-1	1590	530	15	-1	-1	-1	-1	148	148	147	147	100	15	33	-1	-1	-1	-1	-1	14	14	14	14	-1	-1	-1	-1	-1	-1
131	16256	50	-1	8360	50	-1	27	14	-1	27	14	-1	27	14	-1	27	14	-1	7	1436	50	50	1431	50	50	14	1436	50	50	1431	50	50	14	10	-1	1602	534	16	-1	-1	-1	-1	150	150	149	149	101	16	33	-1	-1	-1	-1	-1	14	14	14	14	-1	-1	-1	-1	-1	-1
132	16376	50	-1	8422	50	-1	27	14	-1	27	14	-1	27	14	-1	27	14	-1	7	1446	50	50	1441	50	50	14	1446	50	50	1441	50	50	14	11	-1	1614	538	16	-1	-1	-1	-1	151	151	150	150	102	16	34	-1	-1	-1	-1	-1	14	14	14	14	-1	-1	-1	-1	-1	-1
133	16497	50	-1	8484	50	-1	27	14	-1	27	14	-1	27	14	-1	27	14	-1	7	1457	50	50	1452	50	50	14	1457	50	50	1452	50	50	14	12	-1	1626	542	16	-1	-1	-1	-1	152	152	151	151	104	16	34	-1	-1	-1	-1	-1	14	14	14	14	-1	-1	-1	-1	-1	-1
134	16617	50	-1	8546	50	-1	27	14	-1	27	14	-1	27	14	-1	27	14	-1	7	1468	50	50	1463	50	50	14	1468	50	50	1463	50	50	14	13	-1	1638	546	16	-1	-1	-1	-1	153	153	152	152	105	16	35	-1	-1	-1	-1	-1	14	14	14	14	-1	-1	-1	-1	-1	-1
135	16738	50	-1	8608	50	-1	27	14	-1	27	14	-1	27	14	-1	27	14	-1	7	1478	50	50	1473	50	50	14	1478	50	50	1473	50	50	14	14	-1	1650	550	17	-1	-1	-1	-1	154	154	153	153	107	17	35	-1	-1	-1	-1	-1	14	14	14	14	-1	-1	-1	-1	-1	-1
136	16858	50	-1	8670	50	-1	27	14	-1	27	14	-1	27	14	-1	27	14	-1	7	1489	50	50	1484	50	50	14	1489	50	50	1484	50	50	14	15	-1	1662	554	17	-1	-1	-1	-1	155	155	154	154	108	17	36	-1	-1	-1	-1	-1	14	14	14	14	-1	-1	-1	-1	-1	-1
137	16979	50	-1	8732	50	-1	27	14	-1	27	14	-1	27	14	-1	27	14	-1	7	1500	50	50	1495	50	50	14	1500	50	50	1495	50	50	14	16	-1	1674	558	17	-1	-1	-1	-1	156	156	155	155	110	17	36	-1	-1	-1	-1	-1	14	14	14	14	-1	-1	-1	-1	-1	-1
138	17099	50	-1	8794	50	-1	27	14	-1	27	14	-1	27	14	-1	27	14	-1	7	1510	50	50	1505	50	50	14	1510	50	50	1505	50	50	14	17	-1	1686	562	17	-1	-1	-1	-1	157	157	156	156	111	17	37	-1	-1	-1	-1	-1	14	14	14	14	-1	-1	-1	-1	-1	-1
139	17220	50	-1	8856	50	-1	27	14	-1	27	14	-1	27	14	-1	27	14	-1	7	1521	50	50	1516	50	50	14	1521	50	50	1516	50	50	14	18	-1	1698	566	17	-1	-1	-1	-1	158	158	157	157	113	17	37	-1	-1	-1	-1	-1	14	14	14	14	-1	-1	-1	-1	-1	-1
140	17340	50	-1	8917	50	-1	27	14	-1	27	14	-1	27	14	-1	27	14	-1	7	1532	50	50	1527	50	50	14	1532	50	50	1527	50	50	14	19	-1	1710	570	18	-1	-1	-1	-1	159	159	158	158	114	18	38	-1	-1	-1	-1	-1	14	14	14	14	-1	-1	-1	-1	-1	-1
141	17461	50	-1	8979	50	-1	27	14	-1	27	14	-1	27	14	-1	27	14	-1	7	1542	50	50	1537	50	50	14	1542	50	50	1537	50	50	14	20	-1	1722	574	18	-1	-1	-1	-1	161	161	160	160	116	18	38	-1	-1	-1	-1	-1	14	14	14	14	-1	-1	-1	-1	-1	-1
142	17581	50	-1	9041	50	-1	27	14	-1	27	14	-1	27	14	-1	27	14	-1	7	1553	50	50	1548	50	50	14	1553	50	50	1548	50	50	14	21	-1	1734	578	18	-1	-1	-1	-1	162	162	161	161	117	18	39	-1	-1	-1	-1	-1	14	14	14	14	-1	-1	-1	-1	-1	-1
143	17702	50	-1	9103	50	-1	27	14	-1	27	14	-1	27	14	-1	27	14	-1	7	1564	50	50	1559	50	50	14	1564	50	50	1559	50	50	14	22	-1	1746	582	18	-1	-1	-1	-1	163	163	162	162	119	18	39	-1	-1	-1	-1	-1	14	14	14	14	-1	-1	-1	-1	-1	-1
144	17822	50	-1	9165	50	-1	27	14	-1	27	14	-1	27	14	-1	27	14	-1	7	1574	50	50	1569	50	50	14	1574	50	50	1569	50	50	14	23	-1	1758	586	19	-1	-1	-1	-1	164	164	163	163	120	19	39	-1	-1	-1	-1	-1	14	14	14	14	-1	-1	-1	-1	-1	-1
145	17943	50	-1	9227	50	-1	27	14	-1	27	14	-1	27	14	-1	27	14	-1	7	1585	50	50	1580	50	50	14	1585	50	50	1580	50	50	14	24	-1	1770	590	19	-1	-1	-1	-1	165	165	164	164	122	19	40	-1	-1	-1	-1	-1	14	14	14	14	-1	-1	-1	-1	-1	-1
146	18063	50	-1	9289	50	-1	27	14	-1	27	14	-1	27	14	-1	27	14	-1	7	1596	50	50	1590	50	50	14	1596	50	50	1590	50	50	14	25	-1	1782	594	19	-1	-1	-1	-1	166	166	165	165	123	19	40	-1	-1	-1	-1	-1	14	14	14	14	-1	-1	-1	-1	-1	-1
147	18184	50	-1	9351	50	-1	27	14	-1	27	14	-1	27	14	-1	27	14	-1	7	1606	50	50	1601	50	50	14	1606	50	50	1601	50	50	14	26	-1	1794	598	19	-1	-1	-1	-1	167	167	166	166	125	19	41	-1	-1	-1	-1	-1	14	14	14	14	-1	-1	-1	-1	-1	-1
148	18304	50	-1	9413	50	-1	27	14	-1	27	14	-1	27	14	-1	27	14	-1	7	1617	50	50	1612	50	50	14	1617	50	50	1612	50	50	14	27	-1	1806	602	20	-1	-1	-1	-1	168	168	167	167	126	20	41	-1	-1	-1	-1	-1	14	14	14	14	-1	-1	-1	-1	-1	-1
149	18425	50	-1	9475	50	-1	27	14	-1	27	14	-1	27	14	-1	27	14	-1	7	1627	50	50	1622	50	50	14	1627	50	50	1622	50	50	14	28	-1	1818	606	20	-1	-1	-1	-1	169	169	168	168	128	20	42	-1	-1	-1	-1	-1	14	14	14	14	-1	-1	-1	-1	-1	-1
150	18545	50	-1	9536	50	-1	27	14	-1	27	14	-1	27	14	-1	27	14	-1	7	1638	50	50	1633	50	50	14	1638	50	50	1633	50	50	14	29	-1	1830	610	20	-1	-1	-1	-1	170	170	169	169	129	20	42	-1	-1	-1	-1	-1	14	14	14	14	-1	-1	-1	-1	-1	-1
1001	591	50	-1	313	50	-1	6	1	-1	6	1	-1	6	1	-1	6	1	-1	1	52	50	50	47	50	50	1	52	50	50	47	50	50	1	-1	-1	42	14	2	-1	-1	-1	-1	7	7	6	6	3	2	1	-1	-1	-1	-1	-1	1	1	1	1	-1	-1	-1	-1	-1	-1
1002	711	50	-1	375	50	-1	7	1	-1	7	1	-1	7	1	-1	7	1	-1	1	62	50	50	57	50	50	1	62	50	50	57	50	50	1	-1	-1	54	18	2	-1	-1	-1	-1	8	8	7	7	4	2	2	-1	-1	-1	-1	-1	1	1	1	1	-1	-1	-1	-1	-1	-1
1003	832	50	-1	437	50	-1	7	1	-1	7	1	-1	7	1	-1	7	1	-1	1	73	50	50	68	50	50	1	73	50	50	68	50	50	1	-1	-1	66	22	2	-1	-1	-1	-1	9	9	8	8	4	2	2	-1	-1	-1	-1	-1	1	1	1	1	-1	-1	-1	-1	-1	-1
1004	952	50	-1	499	50	-1	8	1	-1	8	1	-1	8	1	-1	8	1	-1	1	84	50	50	79	50	50	1	84	50	50	79	50	50	1	-1	-1	78	26	2	-1	-1	-1	-1	10	10	9	9	5	2	2	-1	-1	-1	-1	-1	1	1	1	1	-1	-1	-1	-1	-1	-1
1005	1073	50	-1	561	50	-1	9	1	-1	9	1	-1	9	1	-1	9	1	-1	1	94	50	50	89	50	50	1	94	50	50	89	50	50	1	-1	-1	90	30	2	-1	-1	-1	-1	11	11	10	10	5	2	2	-1	-1	-1	-1	-1	1	1	1	1	-1	-1	-1	-1	-1	-1
1006	1193	50	-1	623	50	-1	9	1	-1	9	1	-1	9	1	-1	9	1	-1	1	105	50	50	100	50	50	1	105	50	50	100	50	50	1	-1	-1	102	34	2	-1	-1	-1	-1	12	12	11	11	6	2	2	-1	-1	-1	-1	-1	1	1	1	1	-1	-1	-1	-1	-1	-1
1007	1314	50	-1	685	50	-1	10	1	-1	10	1	-1	10	1	-1	10	1	-1	1	116	50	50	111	50	50	1	116	50	50	111	50	50	1	-1	-1	114	38	2	-1	-1	-1	-1	13	13	12	12	7	2	3	-1	-1	-1	-1	-1	1	1	1	1	-1	-1	-1	-1	-1	-1
1008	1434	50	-1	747	50	-1	10	2	-1	10	2	-1	10	2	-1	10	2	-1	1	126	50	50	121	50	50	2	126	50	50	121	50	50	2	-1	-1	126	42	2	-1	-1	-1	-1	14	14	13	13	7	2	3	-1	-1	-1	-1	-1	2	2	2	2	-1	-1	-1	-1	-1	-1
1009	1555	50	-1	809	50	-1	11	2	-1	11	2	-1	11	2	-1	11	2	-1	1	137	50	50	132	50	50	2	137	50	50	132	50	50	2	-1	-1	138	46	2	-1	-1	-1	-1	15	15	14	14	8	2	3	-1	-1	-1	-1	-1	2	2	2	2	-1	-1	-1	-1	-1	-1
1010	1675	50	-1	870	50	-1	12	2	-1	12	2	-1	12	2	-1	12	2	-1	2	148	50	50	142	50	50	2	148	50	50	142	50	50	2	-1	-1	150	50	2	-1	-1	-1	-1	16	16	15	15	8	2	3	-1	-1	-1	-1	-1	2	2	2	2	-1	-1	-1	-1	-1	-1
1011	1796	50	-1	932	50	-1	12	2	-1	12	2	-1	12	2	-1	12	2	-1	2	158	50	50	153	50	50	2	158	50	50	153	50	50	2	-1	-1	162	54	2	-1	-1	-1	-1	18	18	17	17	9	2	3	-1	-1	-1	-1	-1	2	2	2	2	-1	-1	-1	-1	-1	-1
1012	1916	50	-1	994	50	-1	13	2	-1	13	2	-1	13	2	-1	13	2	-1	2	169	50	50	164	50	50	2	169	50	50	164	50	50	2	-1	-1	174	58	3	-1	-1	-1	-1	19	19	18	18	10	3	4	-1	-1	-1	-1	-1	2	2	2	2	-1	-1	-1	-1	-1	-1
1013	2037	50	-1	1056	50	-1	14	2	-1	14	2	-1	14	2	-1	14	2	-1	2	179	50	50	174	50	50	2	179	50	50	174	50	50	2	-1	-1	186	62	3	-1	-1	-1	-1	20	20	19	19	10	3	4	-1	-1	-1	-1	-1	2	2	2	2	-1	-1	-1	-1	-1	-1
1014	2157	50	-1	1118	50	-1	14	2	-1	14	2	-1	14	2	-1	14	2	-1	2	190	50	50	185	50	50	2	190	50	50	185	50	50	2	-1	-1	198	66	3	-1	-1	-1	-1	21	21	20	20	11	3	4	-1	-1	-1	-1	-1	2	2	2	2	-1	-1	-1	-1	-1	-1
1015	2278	50	-1	1180	50	-1	15	2	-1	15	2	-1	15	2	-1	15	2	-1	2	201	50	50	196	50	50	2	201	50	50	196	50	50	2	-1	-1	210	70	3	-1	-1	-1	-1	22	22	21	21	11	3	4	-1	-1	-1	-1	-1	2	2	2	2	-1	-1	-1	-1	-1	-1
1016	2398	50	-1	1242	50	-1	16	2	-1	16	2	-1	16	2	-1	16	2	-1	2	211	50	50	206	50	50	2	211	50	50	206	50	50	2	-1	-1	222	74	3	-1	-1	-1	-1	23	23	22	22	12	3	4	-1	-1	-1	-1	-1	2	2	2	2	-1	-1	-1	-1	-1	-1
1017	2519	50	-1	1304	50	-1	16	3	-1	16	3	-1	16	3	-1	16	3	-1	2	222	50	50	217	50	50	3	222	50	50	217	50	50	3	-1	-1	234	78	3	-1	-1	-1	-1	24	24	23	23	13	3	5	-1	-1	-1	-1	-1	3	3	3	3	-1	-1	-1	-1	-1	-1
1018	2639	50	-1	1366	50	-1	17	3	-1	17	3	-1	17	3	-1	17	3	-1	2	233	50	50	228	50	50	3	233	50	50	228	50	50	3	-1	-1	246	82	3	-1	-1	-1	-1	25	25	24	24	13	3	5	-1	-1	-1	-1	-1	3	3	3	3	-1	-1	-1	-1	-1	-1
1019	2760	50	-1	1428	50	-1	18	3	-1	18	3	-1	18	3	-1	18	3	-1	2	243	50	50	238	50	50	3	243	50	50	238	50	50	3	-1	-1	258	86	3	-1	-1	-1	-1	26	26	25	25	14	3	5	-1	-1	-1	-1	-1	3	3	3	3	-1	-1	-1	-1	-1	-1
1020	2880	50	-1	1489	50	-1	18	3	-1	18	3	-1	18	3	-1	18	3	-1	2	254	50	50	249	50	50	3	254	50	50	249	50	50	3	-1	-1	270	90	3	-1	-1	-1	-1	27	27	26	26	14	3	5	-1	-1	-1	-1	-1	3	3	3	3	-1	-1	-1	-1	-1	-1
1021	3001	50	-1	1551	50	-1	19	3	-1	19	3	-1	19	3	-1	19	3	-1	2	265	50	50	260	50	50	3	265	50	50	260	50	50	3	-1	-1	282	94	3	-1	-1	-1	-1	29	29	28	28	15	3	5	-1	-1	-1	-1	-1	3	3	3	3	-1	-1	-1	-1	-1	-1
1022	3121	50	-1	1613	50	-1	20	3	-1	20	3	-1	20	3	-1	20	3	-1	2	275	50	50	270	50	50	3	275	50	50	270	50	50	3	-1	-1	294	98	3	-1	-1	-1	-1	30	30	29	29	16	3	6	-1	-1	-1	-1	-1	3	3	3	3	-1	-1	-1	-1	-1	-1
1023	3242	50	-1	1675	50	-1	21	3	-1	21	3	-1	21	3	-1	21	3	-1	2	286	50	50	281	50	50	3	286	50	50	281	50	50	3	-1	-1	306	102	3	-1	-1	-1	-1	31	31	30	30	16	3	6	-1	-1	-1	-1	-1	3	3	3	3	-1	-1	-1	-1	-1	-1
1024	3362	50	-1	1737	50	-1	21	3	-1	21	3	-1	21	3	-1	21	3	-1	2	297	50	50	292	50	50	3	297	50	50	292	50	50	3	-1	-1	318	106	4	-1	-1	-1	-1	32	32	31	31	17	4	6	-1	-1	-1	-1	-1	3	3	3	3	-1	-1	-1	-1	-1	-1
1025	3483	50	-1	1799	50	-1	22	3	-1	22	3	-1	22	3	-1	22	3	-1	2	307	50	50	302	50	50	3	307	50	50	302	50	50	3	-1	-1	330	110	4	-1	-1	-1	-1	33	33	32	32	17	4	6	-1	-1	-1	-1	-1	3	3	3	3	-1	-1	-1	-1	-1	-1
1026	3603	50	-1	1861	50	-1	23	4	-1	23	4	-1	23	4	-1	23	4	-1	2	318	50	50	313	50	50	4	318	50	50	313	50	50	4	-1	-1	342	114	4	-1	-1	-1	-1	34	34	33	33	18	4	6	-1	-1	-1	-1	-1	4	4	4	4	-1	-1	-1	-1	-1	-1
1027	3724	50	-1	1923	50	-1	24	4	-1	24	4	-1	24	4	-1	24	4	-1	2	329	50	50	323	50	50	4	329	50	50	323	50	50	4	-1	-1	354	118	4	-1	-1	-1	-1	35	35	34	34	19	4	7	-1	-1	-1	-1	-1	4	4	4	4	-1	-1	-1	-1	-1	-1
1028	3844	50	-1	1985	50	-1	24	4	-1	24	4	-1	24	4	-1	24	4	-1	2	339	50	50	334	50	50	4	339	50	50	334	50	50	4	-1	-1	366	122	4	-1	-1	-1	-1	36	36	35	35	19	4	7	-1	-1	-1	-1	-1	4	4	4	4	-1	-1	-1	-1	-1	-1
1029	3965	50	-1	2047	50	-1	25	4	-1	25	4	-1	25	4	-1	25	4	-1	3	350	50	50	345	50	50	4	350	50	50	345	50	50	4	-1	-1	378	126	4	-1	-1	-1	-1	37	37	36	36	20	4	7	-1	-1	-1	-1	-1	4	4	4	4	-1	-1	-1	-1	-1	-1
1030	4085	50	-1	2108	50	-1	26	4	-1	26	4	-1	26	4	-1	26	4	-1	3	360	50	50	355	50	50	4	360	50	50	355	50	50	4	-1	-1	390	130	4	-1	-1	-1	-1	38	38	37	37	20	4	7	-1	-1	-1	-1	-1	4	4	4	4	-1	-1	-1	-1	-1	-1
1031	4206	50	-1	2170	50	-1	27	4	-1	27	4	-1	27	4	-1	27	4	-1	3	371	50	50	366	50	50	4	371	50	50	366	50	50	4	-1	-1	402	134	4	-1	-1	-1	-1	40	40	39	39	21	4	7	-1	-1	-1	-1	-1	4	4	4	4	-1	-1	-1	-1	-1	-1
1032	4326	50	-1	2232	50	-1	28	4	-1	28	4	-1	28	4	-1	28	4	-1	3	382	50	50	377	50	50	4	382	50	50	377	50	50	4	-1	-1	414	138	4	-1	-1	-1	-1	41	41	40	40	22	4	8	-1	-1	-1	-1	-1	4	4	4	4	-1	-1	-1	-1	-1	-1
1033	4447	50	-1	2294	50	-1	28	4	-1	28	4	-1	28	4	-1	28	4	-1	3	392	50	50	387	50	50	4	392	50	50	387	50	50	4	-1	-1	426	142	4	-1	-1	-1	-1	42	42	41	41	22	4	8	-1	-1	-1	-1	-1	4	4	4	4	-1	-1	-1	-1	-1	-1
1034	4567	50	-1	2356	50	-1	29	4	-1	29	4	-1	29	4	-1	29	4	-1	3	403	50	50	398	50	50	4	403	50	50	398	50	50	4	-1	-1	438	146	4	-1	-1	-1	-1	43	43	42	42	23	4	8	-1	-1	-1	-1	-1	4	4	4	4	-1	-1	-1	-1	-1	-1
1035	4688	50	-1	2418	50	-1	30	5	-1	30	5	-1	30	5	-1	30	5	-1	3	414	50	50	409	50	50	5	414	50	50	409	50	50	5	-1	-1	450	150	4	-1	-1	-1	-1	44	44	43	43	23	4	8	-1	-1	-1	-1	-1	5	5	5	5	-1	-1	-1	-1	-1	-1
1036	4808	50	-1	2480	50	-1	31	5	-1	31	5	-1	31	5	-1	31	5	-1	3	424	50	50	419	50	50	5	424	50	50	419	50	50	5	-1	-1	462	154	4	-1	-1	-1	-1	45	45	44	44	24	4	8	-1	-1	-1	-1	-1	5	5	5	5	-1	-1	-1	-1	-1	-1
1037	4929	50	-1	2542	50	-1	32	5	-1	32	5	-1	32	5	-1	32	5	-1	3	435	50	50	430	50	50	5	435	50	50	430	50	50	5	-1	-1	474	158	5	-1	-1	-1	-1	46	46	45	45	25	5	9	-1	-1	-1	-1	-1	5	5	5	5	-1	-1	-1	-1	-1	-1
1038	5049	50	-1	2604	50	-1	33	5	-1	33	5	-1	33	5	-1	33	5	-1	3	446	50	50	441	50	50	5	446	50	50	441	50	50	5	-1	-1	486	162	5	-1	-1	-1	-1	47	47	46	46	25	5	9	-1	-1	-1	-1	-1	5	5	5	5	-1	-1	-1	-1	-1	-1
1039	5170	50	-1	2666	50	-1	33	5	-1	33	5	-1	33	5	-1	33	5	-1	3	456	50	50	451	50	50	5	456	50	50	451	50	50	5	-1	-1	498	166	5	-1	-1	-1	-1	48	48	47	47	26	5	9	-1	-1	-1	-1	-1	5	5	5	5	-1	-1	-1	-1	-1	-1
1040	5290	50	-1	2727	50	-1	34	5	-1	34	5	-1	34	5	-1	34	5	-1	3	467	50	50	462	50	50	5	467	50	50	462	50	50	5	-1	-1	510	170	5	-1	-1	-1	-1	49	49	48	48	26	5	9	-1	-1	-1	-1	-1	5	5	5	5	-1	-1	-1	-1	-1	-1
1041	5411	50	-1	2789	50	-1	35	5	-1	35	5	-1	35	5	-1	35	5	-1	3	478	50	50	473	50	50	5	478	50	50	473	50	50	5	-1	-1	522	174	5	-1	-1	-1	-1	51	51	50	50	27	5	9	-1	-1	-1	-1	-1	5	5	5	5	-1	-1	-1	-1	-1	-1
1042	5531	50	-1	2851	50	-1	36	5	-1	36	5	-1	36	5	-1	36	5	-1	3	488	50	50	483	50	50	5	488	50	50	483	50	50	5	-1	-1	534	178	5	-1	-1	-1	-1	52	52	51	51	28	5	10	-1	-1	-1	-1	-1	5	5	5	5	-1	-1	-1	-1	-1	-1
1043	5652	50	-1	2913	50	-1	37	5	-1	37	5	-1	37	5	-1	37	5	-1	3	499	50	50	494	50	50	5	499	50	50	494	50	50	5	-1	-1	546	182	5	-1	-1	-1	-1	53	53	52	52	28	5	10	-1	-1	-1	-1	-1	5	5	5	5	-1	-1	-1	-1	-1	-1
1044	5772	50	-1	2975	50	-1	38	6	-1	38	6	-1	38	6	-1	38	6	-1	3	510	50	50	504	50	50	6	510	50	50	504	50	50	6	-1	-1	558	186	5	-1	-1	-1	-1	54	54	53	53	29	5	10	-1	-1	-1	-1	-1	6	6	6	6	-1	-1	-1	-1	-1	-1
1045	5893	50	-1	3037	50	-1	39	6	-1	39	6	-1	39	6	-1	39	6	-1	3	520	50	50	515	50	50	6	520	50	50	515	50	50	6	-1	-1	570	190	5	-1	-1	-1	-1	55	55	54	54	29	5	10	-1	-1	-1	-1	-1	6	6	6	6	-1	-1	-1	-1	-1	-1
1046	6013	50	-1	3099	50	-1	40	6	-1	40	6	-1	40	6	-1	40	6	-1	3	531	50	50	526	50	50	6	531	50	50	526	50	50	6	-1	-1	582	194	5	-1	-1	-1	-1	56	56	55	55	30	5	10	-1	-1	-1	-1	-1	6	6	6	6	-1	-1	-1	-1	-1	-1
1047	6134	50	-1	3161	50	-1	41	6	-1	41	6	-1	41	6	-1	41	6	-1	3	541	50	50	536	50	50	6	541	50	50	536	50	50	6	-1	-1	594	198	5	-1	-1	-1	-1	57	57	56	56	31	5	11	-1	-1	-1	-1	-1	6	6	6	6	-1	-1	-1	-1	-1	-1
1048	6254	50	-1	3223	50	-1	42	6	-1	42	6	-1	42	6	-1	42	6	-1	3	552	50	50	547	50	50	6	552	50	50	547	50	50	6	-1	-1	606	202	5	-1	-1	-1	-1	58	58	57	57	31	5	11	-1	-1	-1	-1	-1	6	6	6	6	-1	-1	-1	-1	-1	-1
1049	6375	50	-1	3285	50	-1	43	6	-1	43	6	-1	43	6	-1	43	6	-1	4	563	50	50	558	50	50	6	563	50	50	558	50	50	6	-1	-1	618	206	6	-1	-1	-1	-1	59	59	58	58	32	6	11	-1	-1	-1	-1	-1	6	6	6	6	-1	-1	-1	-1	-1	-1
1050	6495	50	-1	3346	50	-1	43	6	-1	43	6	-1	43	6	-1	43	6	-1	4	573	50	50	568	50	50	6	573	50	50	568	50	50	6	-1	-1	630	210	6	-1	-1	-1	-1	60	60	59	59	32	6	11	-1	-1	-1	-1	-1	6	6	6	6	-1	-1	-1	-1	-1	-1
1051	6616	50	-1	3408	50	-1	44	6	-1	44	6	-1	44	6	-1	44	6	-1	4	584	50	50	579	50	50	6	584	50	50	579	50	50	6	-1	-1	642	214	6	-1	-1	-1	-1	62	62	61	61	33	6	11	-1	-1	-1	-1	-1	6	6	6	6	-1	-1	-1	-1	-1	-1
1052	6736	50	-1	3470	50	-1	45	6	-1	45	6	-1	45	6	-1	45	6	-1	4	595	50	50	590	50	50	6	595	50	50	590	50	50	6	-1	-1	654	218	6	-1	-1	-1	-1	63	63	62	62	34	6	12	-1	-1	-1	-1	-1	6	6	6	6	-1	-1	-1	-1	-1	-1
1053	6857	50	-1	3532	50	-1	46	7	-1	46	7	-1	46	7	-1	46	7	-1	4	605	50	50	600	50	50	7	605	50	50	600	50	50	7	-1	-1	666	222	6	-1	-1	-1	-1	64	64	63	63	34	6	12	-1	-1	-1	-1	-1	7	7	7	7	-1	-1	-1	-1	-1	-1
1054	6977	50	-1	3594	50	-1	47	7	-1	47	7	-1	47	7	-1	47	7	-1	4	616	50	50	611	50	50	7	616	50	50	611	50	50	7	-1	-1	678	226	6	-1	-1	-1	-1	65	65	64	64	35	6	12	-1	-1	-1	-1	-1	7	7	7	7	-1	-1	-1	-1	-1	-1
1055	7098	50	-1	3656	50	-1	48	7	-1	48	7	-1	48	7	-1	48	7	-1	4	627	50	50	622	50	50	7	627	50	50	622	50	50	7	-1	-1	690	230	6	-1	-1	-1	-1	66	66	65	65	35	6	12	-1	-1	-1	-1	-1	7	7	7	7	-1	-1	-1	-1	-1	-1
1056	7218	50	-1	3718	50	-1	49	7	-1	49	7	-1	49	7	-1	49	7	-1	4	637	50	50	632	50	50	7	637	50	50	632	50	50	7	-1	-1	702	234	6	-1	-1	-1	-1	67	67	66	66	36	6	12	-1	-1	-1	-1	-1	7	7	7	7	-1	-1	-1	-1	-1	-1
1057	7339	50	-1	3780	50	-1	50	7	-1	50	7	-1	50	7	-1	50	7	-1	4	648	50	50	643	50	50	7	648	50	50	643	50	50	7	-1	-1	714	238	6	-1	-1	-1	-1	68	68	67	67	37	6	13	-1	-1	-1	-1	-1	7	7	7	7	-1	-1	-1	-1	-1	-1
1058	7459	50	-1	3842	50	-1	51	7	-1	51	7	-1	51	7	-1	51	7	-1	4	659	50	50	654	50	50	7	659	50	50	654	50	50	7	-1	-1	726	242	6	-1	-1	-1	-1	69	69	68	68	37	6	13	-1	-1	-1	-1	-1	7	7	7	7	-1	-1	-1	-1	-1	-1
1059	7580	50	-1	3904	50	-1	52	7	-1	52	7	-1	52	7	-1	52	7	-1	4	669	50	50	664	50	50	7	669	50	50	664	50	50	7	-1	-1	738	246	6	-1	-1	-1	-1	70	70	69	69	38	6	13	-1	-1	-1	-1	-1	7	7	7	7	-1	-1	-1	-1	-1	-1
1060	7700	50	-1	3965	50	-1	53	7	-1	53	7	-1	53	7	-1	53	7	-1	4	680	50	50	675	50	50	7	680	50	50	675	50	50	7	-1	-1	750	250	6	-1	-1	-1	-1	71	71	70	70	38	6	13	-1	-1	-1	-1	-1	7	7	7	7	-1	-1	-1	-1	-1	-1
1061	7821	50	-1	4027	50	-1	55	7	-1	55	7	-1	55	7	-1	55	7	-1	4	691	50	50	685	50	50	7	691	50	50	685	50	50	7	-1	-1	762	254	6	-1	-1	-1	-1	73	73	72	72	39	6	13	-1	-1	-1	-1	-1	7	7	7	7	-1	-1	-1	-1	-1	-1
1062	7941	50	-1	4089	50	-1	56	7	-1	56	7	-1	56	7	-1	56	7	-1	4	701	50	50	696	50	50	7	701	50	50	696	50	50	7	-1	-1	774	258	7	-1	-1	-1	-1	74	74	73	73	40	7	14	-1	-1	-1	-1	-1	7	7	7	7	-1	-1	-1	-1	-1	-1
1063	8062	50	-1	4151	50	-1	57	8	-1	57	8	-1	57	8	-1	57	8	-1	4	712	50	50	707	50	50	8	712	50	50	707	50	50	8	-1	-1	786	262	7	-1	-1	-1	-1	75	75	74	74	40	7	14	-1	-1	-1	-1	-1	8	8	8	8	-1	-1	-1	-1	-1	-1
1064	8182	50	-1	4213	50	-1	58	8	-1	58	8	-1	58	8	-1	58	8	-1	4	722	50	50	717	50	50	8	722	50	50	717	50	50	8	-1	-1	798	266	7	-1	-1	-1	-1	76	76	75	75	41	7	14	-1	-1	-1	-1	-1	8	8	8	8	-1	-1	-1	-1	-1	-1
1065	8303	50	-1	4275	50	-1	59	8	-1	59	8	-1	59	8	-1	59	8	-1	4	733	50	50	728	50	50	8	733	50	50	728	50	50	8	-1	-1	810	270	7	-1	-1	-1	-1	77	77	76	76	41	7	14	-1	-1	-1	-1	-1	8	8	8	8	-1	-1	-1	-1	-1	-1
1066	8423	50	-1	4337	50	-1	60	8	-1	60	8	-1	60	8	-1	60	8	-1	4	744	50	50	739	50	50	8	744	50	50	739	50	50	8	-1	-1	822	274	7	-1	-1	-1	-1	78	78	77	77	42	7	14	-1	-1	-1	-1	-1	8	8	8	8	-1	-1	-1	-1	-1	-1
1067	8544	50	-1	4399	50	-1	61	8	-1	61	8	-1	61	8	-1	61	8	-1	4	754	50	50	749	50	50	8	754	50	50	749	50	50	8	-1	-1	834	278	7	-1	-1	-1	-1	79	79	78	78	43	7	15	-1	-1	-1	-1	-1	8	8	8	8	-1	-1	-1	-1	-1	-1
1068	8664	50	-1	4461	50	-1	62	8	-1	62	8	-1	62	8	-1	62	8	-1	5	765	50	50	760	50	50	8	765	50	50	760	50	50	8	-1	-1	846	282	7	-1	-1	-1	-1	80	80	79	79	43	7	15	-1	-1	-1	-1	-1	8	8	8	8	-1	-1	-1	-1	-1	-1
1069	8785	50	-1	4523	50	-1	63	8	-1	63	8	-1	63	8	-1	63	8	-1	5	776	50	50	771	50	50	8	776	50	50	771	50	50	8	-1	-1	858	286	7	-1	-1	-1	-1	81	81	80	80	44	7	15	-1	-1	-1	-1	-1	8	8	8	8	-1	-1	-1	-1	-1	-1
1070	8905	50	-1	4584	50	-1	64	8	-1	64	8	-1	64	8	-1	64	8	-1	5	786	50	50	781	50	50	8	786	50	50	781	50	50	8	-1	-1	870	290	7	-1	-1	-1	-1	82	82	81	81	44	7	15	-1	-1	-1	-1	-1	8	8	8	8	-1	-1	-1	-1	-1	-1
1071	9026	50	-1	4646	50	-1	65	8	-1	65	8	-1	65	8	-1	65	8	-1	5	797	50	50	792	50	50	8	797	50	50	792	50	50	8	-1	-1	882	294	7	-1	-1	-1	-1	84	84	83	83	45	7	15	-1	-1	-1	-1	-1	8	8	8	8	-1	-1	-1	-1	-1	-1
1072	9146	50	-1	4708	50	-1	67	9	-1	67	9	-1	67	9	-1	67	9	-1	5	808	50	50	803	50	50	9	808	50	50	803	50	50	9	-1	-1	894	298	7	-1	-1	-1	-1	85	85	84	84	46	7	16	-1	-1	-1	-1	-1	9	9	9	9	-1	-1	-1	-1	-1	-1
1073	9267	50	-1	4770	50	-1	68	9	-1	68	9	-1	68	9	-1	68	9	-1	5	818	50	50	813	50	50	9	818	50	50	813	50	50	9	-1	-1	906	302	7	-1	-1	-1	-1	86	86	85	85	46	7	16	-1	-1	-1	-1	-1	9	9	9	9	-1	-1	-1	-1	-1	-1
1074	9387	50	-1	4832	50	-1	69	9	-1	69	9	-1	69	9	-1	69	9	-1	5	829	50	50	824	50	50	9	829	50	50	824	50	50	9	-1	-1	918	306	8	-1	-1	-1	-1	87	87	86	86	47	8	16	-1	-1	-1	-1	-1	9	9	9	9	-1	-1	-1	-1	-1	-1
1075	9508	50	-1	4894	50	-1	70	9	-1	70	9	-1	70	9	-1	70	9	-1	5	840	50	50	835	50	50	9	840	50	50	835	50	50	9	-1	-1	930	310	8	-1	-1	-1	-1	88	88	87	87	47	8	16	-1	-1	-1	-1	-1	9	9	9	9	-1	-1	-1	-1	-1	-1
1076	9628	50	-1	4956	50	-1	71	9	-1	71	9	-1	71	9	-1	71	9	-1	5	850	50	50	845	50	50	9	850	50	50	845	50	50	9	-1	-1	942	314	8	-1	-1	-1	-1	89	89	88	88	48	8	16	-1	-1	-1	-1	-1	9	9	9	9	-1	-1	-1	-1	-1	-1
1077	9749	50	-1	5018	50	-1	72	9	-1	72	9	-1	72	9	-1	72	9	-1	5	861	50	50	856	50	50	9	861	50	50	856	50	50	9	-1	-1	954	318	8	-1	-1	-1	-1	90	90	89	89	49	8	17	-1	-1	-1	-1	-1	9	9	9	9	-1	-1	-1	-1	-1	-1
1078	9869	50	-1	5080	50	-1	74	9	-1	74	9	-1	74	9	-1	74	9	-1	5	872	50	50	866	50	50	9	872	50	50	866	50	50	9	-1	-1	966	322	8	-1	-1	-1	-1	91	91	90	90	49	8	17	-1	-1	-1	-1	-1	9	9	9	9	-1	-1	-1	-1	-1	-1
1079	9990	50	-1	5142	50	-1	75	9	-1	75	9	-1	75	9	-1	75	9	-1	5	882	50	50	877	50	50	9	882	50	50	877	50	50	9	-1	-1	978	326	8	-1	-1	-1	-1	92	92	91	91	50	8	17	-1	-1	-1	-1	-1	9	9	9	9	-1	-1	-1	-1	-1	-1
1080	10110	50	-1	5203	50	-1	76	9	-1	76	9	-1	76	9	-1	76	9	-1	5	893	50	50	888	50	50	9	893	50	50	888	50	50	9	-1	-1	990	330	8	-1	-1	-1	-1	93	93	92	92	50	8	17	-1	-1	-1	-1	-1	9	9	9	9	-1	-1	-1	-1	-1	-1
1081	10231	50	-1	5265	50	-1	77	10	-1	77	10	-1	77	10	-1	77	10	-1	5	903	50	50	898	50	50	10	903	50	50	898	50	50	10	-1	-1	1002	334	8	-1	-1	-1	-1	95	95	94	94	51	8	17	-1	-1	-1	-1	-1	10	10	10	10	-1	-1	-1	-1	-1	-1
1082	10351	50	-1	5327	50	-1	78	10	-1	78	10	-1	78	10	-1	78	10	-1	5	914	50	50	909	50	50	10	914	50	50	909	50	50	10	-1	-1	1014	338	8	-1	-1	-1	-1	96	96	95	95	52	8	18	-1	-1	-1	-1	-1	10	10	10	10	-1	-1	-1	-1	-1	-1
1083	10472	50	-1	5389	50	-1	80	10	-1	80	10	-1	80	10	-1	80	10	-1	5	925	50	50	920	50	50	10	925	50	50	920	50	50	10	-1	-1	1026	342	8	-1	-1	-1	-1	97	97	96	96	52	8	18	-1	-1	-1	-1	-1	10	10	10	10	-1	-1	-1	-1	-1	-1
1084	10592	50	-1	5451	50	-1	81	10	-1	81	10	-1	81	10	-1	81	10	-1	5	935	50	50	930	50	50	10	935	50	50	930	50	50	10	-1	-1	1038	346	8	-1	-1	-1	-1	98	98	97	97	53	8	18	-1	-1	-1	-1	-1	10	10	10	10	-1	-1	-1	-1	-1	-1
1085	10713	50	-1	5513	50	-1	82	10	-1	82	10	-1	82	10	-1	82	10	-1	5	946	50	50	941	50	50	10	946	50	50	941	50	50	10	-1	-1	1050	350	8	-1	-1	-1	-1	99	99	98	98	53	8	18	-1	-1	-1	-1	-1	10	10	10	10	-1	-1	-1	-1	-1	-1
1086	10833	50	-1	5575	50	-1	83	10	-1	83	10	-1	83	10	-1	83	10	-1	5	957	50	50	952	50	50	10	957	50	50	952	50	50	10	-1	-1	1062	354	8	-1	-1	-1	-1	100	100	99	99	54	8	18	-1	-1	-1	-1	-1	10	10	10	10	-1	-1	-1	-1	-1	-1
1087	10954	50	-1	5637	50	-1	85	10	-1	85	10	-1	85	10	-1	85	10	-1	5	967	50	50	962	50	50	10	967	50	50	962	50	50	10	-1	-1	1074	358	9	-1	-1	-1	-1	101	101	100	100	55	9	19	-1	-1	-1	-1	-1	10	10	10	10	-1	-1	-1	-1	-1	-1
1088	11074	50	-1	5699	50	-1	86	10	-1	86	10	-1	86	10	-1	86	10	-1	6	978	50	50	973	50	50	10	978	50	50	973	50	50	10	-1	-1	1086	362	9	-1	-1	-1	-1	102	102	101	101	55	9	19	-1	-1	-1	-1	-1	10	10	10	10	-1	-1	-1	-1	-1	-1
1089	11195	50	-1	5761	50	-1	87	10	-1	87	10	-1	87	10	-1	87	10	-1	6	989	50	50	984	50	50	10	989	50	50	984	50	50	10	-1	-1	1098	366	9	-1	-1	-1	-1	103	103	102	102	56	9	19	-1	-1	-1	-1	-1	10	10	10	10	-1	-1	-1	-1	-1	-1
1090	11315	50	-1	5822	50	-1	88	11	-1	88	11	-1	88	11	-1	88	11	-1	6	999	50	50	994	50	50	11	999	50	50	994	50	50	11	-1	-1	1110	370	9	-1	-1	-1	-1	104	104	103	103	56	9	19	-1	-1	-1	-1	-1	11	11	11	11	-1	-1	-1	-1	-1	-1
1091	11436	50	-1	5884	50	-1	90	11	-1	90	11	-1	90	11	-1	90	11	-1	6	1010	50	50	1005	50	50	11	1010	50	50	1005	50	50	11	-1	-1	1122	374	9	-1	-1	-1	-1	106	106	105	105	57	9	19	-1	-1	-1	-1	-1	11	11	11	11	-1	-1	-1	-1	-1	-1
1092	11556	50	-1	5946	50	-1	91	11	-1	91	11	-1	91	11	-1	91	11	-1	6	1021	50	50	1016	50	50	11	1021	50	50	1016	50	50	11	-1	-1	1134	378	9	-1	-1	-1	-1	107	107	106	106	58	9	20	-1	-1	-1	-1	-1	11	11	11	11	-1	-1	-1	-1	-1	-1
1093	11677	50	-1	6008	50	-1	92	11	-1	92	11	-1	92	11	-1	92	11	-1	6	1031	50	50	1026	50	50	11	1031	50	50	1026	50	50	11	-1	-1	1146	382	9	-1	-1	-1	-1	108	108	107	107	58	9	20	-1	-1	-1	-1	-1	11	11	11	11	-1	-1	-1	-1	-1	-1
1094	11797	50	-1	6070	50	-1	94	11	-1	94	11	-1	94	11	-1	94	11	-1	6	1042	50	50	1037	50	50	11	1042	50	50	1037	50	50	11	-1	-1	1158	386	9	-1	-1	-1	-1	109	109	108	108	59	9	20	-1	-1	-1	-1	-1	11	11	11	11	-1	-1	-1	-1	-1	-1
1095	11918	50	-1	6132	50	-1	95	11	-1	95	11	-1	95	11	-1	95	11	-1	6	1053	50	50	1047	50	50	11	1053	50	50	1047	50	50	11	-1	-1	1170	390	9	-1	-1	-1	-1	110	110	109	109	59	9	20	-1	-1	-1	-1	-1	11	11	11	11	-1	-1	-1	-1	-1	-1
1096	12038	50	-1	6194	50	-1	96	11	-1	96	11	-1	96	11	-1	96	11	-1	6	1063	50	50	1058	50	50	11	1063	50	50	1058	50	50	11	-1	-1	1182	394	9	-1	-1	-1	-1	111	111	110	110	60	9	20	-1	-1	-1	-1	-1	11	11	11	11	-1	-1	-1	-1	-1	-1
1097	12159	50	-1	6256	50	-1	98	11	-1	98	11	-1	98	11	-1	98	11	-1	6	1074	50	50	1069	50	50	11	1074	50	50	1069	50	50	11	-1	-1	1194	398	9	-1	-1	-1	-1	112	112	111	111	61	9	21	-1	-1	-1	-1	-1	11	11	11	11	-1	-1	-1	-1	-1	-1
1098	12279	50	-1	6318	50	-1	99	11	-1	99	11	-1	99	11	-1	99	11	-1	6	1084	50	50	1079	50	50	11	1084	50	50	1079	50	50	11	-1	-1	1206	402	9	-1	-1	-1	-1	113	113	112	112	61	9	21	-1	-1	-1	-1	-1	11	11	11	11	-1	-1	-1	-1	-1	-1
1099	12400	50	-1	6380	50	-1	100	12	-1	100	12	-1	100	12	-1	100	12	-1	6	1095	50	50	1090	50	50	12	1095	50	50	1090	50	50	12	-1	-1	1218	406	10	-1	-1	-1	-1	114	114	113	113	62	10	21	-1	-1	-1	-1	-1	12	12	12	12	-1	-1	-1	-1	-1	-1
1100	12520	50	-1	6441	50	-1	102	12	-1	102	12	-1	102	12	-1	102	12	-1	6	1106	50	50	1101	50	50	12	1106	50	50	1101	50	50	12	-1	-1	1230	410	10	-1	-1	-1	-1	115	115	114	114	62	10	21	-1	-1	-1	-1	-1	12	12	12	12	-1	-1	-1	-1	-1	-1
1101	12641	50	-1	6503	50	-1	103	12	-1	103	12	-1	103	12	-1	103	12	-1	6	1116	50	50	1111	50	50	12	1116	50	50	1111	50	50	12	-1	-1	1242	414	10	-1	-1	-1	-1	117	117	116	116	64	10	22	-1	-1	-1	-1	-1	12	12	12	12	-1	-1	-1	-1	-1	-1
1102	12761	50	-1	6565	50	-1	104	12	-1	104	12	-1	104	12	-1	104	12	-1	6	1127	50	50	1122	50	50	12	1127	50	50	1122	50	50	12	-1	-1	1254	418	10	-1	-1	-1	-1	118	118	117	117	65	10	22	-1	-1	-1	-1	-1	12	12	12	12	-1	-1	-1	-1	-1	-1
1103	12882	50	-1	6627	50	-1	105	12	-1	105	12	-1	105	12	-1	105	12	-1	6	1138	50	50	1133	50	50	12	1138	50	50	1133	50	50	12	-1	-1	1266	422	10	-1	-1	-1	-1	119	119	118	118	66	10	22	-1	-1	-1	-1	-1	12	12	12	12	-1	-1	-1	-1	-1	-1
1104	13002	50	-1	6689	50	-1	106	12	-1	106	12	-1	106	12	-1	106	12	-1	6	1148	50	50	1143	50	50	12	1148	50	50	1143	50	50	12	-1	-1	1278	426	10	-1	-1	-1	-1	120	120	119	119	67	10	23	-1	-1	-1	-1	-1	12	12	12	12	-1	-1	-1	-1	-1	-1
1105	13123	50	-1	6751	50	-1	107	12	-1	107	12	-1	107	12	-1	107	12	-1	6	1159	50	50	1154	50	50	12	1159	50	50	1154	50	50	12	-1	-1	1290	430	10	-1	-1	-1	-1	121	121	120	120	68	10	23	-1	-1	-1	-1	-1	12	12	12	12	-1	-1	-1	-1	-1	-1																																																																
1106	13243	50	-1	6813	50	-1	108	12	-1	108	12	-1	108	12	-1	108	12	-1	6	1170	50	50	1165	50	50	12	1170	50	50	1165	50	50	12	-1	-1	1302	434	11	-1	-1	-1	-1	122	122	121	121	69	11	23	-1	-1	-1	-1	-1	12	12	12	12	-1	-1	-1	-1	-1	-1																																																																
1107	13364	50	-1	6875	50	-1	109	12	-1	109	12	-1	109	12	-1	109	12	-1	7	1180	50	50	1175	50	50	12	1180	50	50	1175	50	50	12	-1	-1	1314	438	11	-1	-1	-1	-1	123	123	122	122	70	11	24	-1	-1	-1	-1	-1	12	12	12	12	-1	-1	-1	-1	-1	-1																																																																
1108	13484	50	-1	6937	50	-1	109	13	-1	109	13	-1	109	13	-1	109	13	-1	7	1191	50	50	1186	50	50	13	1191	50	50	1186	50	50	13	-1	-1	1326	442	11	-1	-1	-1	-1	124	124	123	123	72	11	24	-1	-1	-1	-1	-1	13	13	13	13	-1	-1	-1	-1	-1	-1																																																																
1109	13605	50	-1	6999	50	-1	110	13	-1	110	13	-1	110	13	-1	110	13	-1	7	1202	50	50	1197	50	50	13	1202	50	50	1197	50	50	13	-1	-1	1338	446	11	-1	-1	-1	-1	125	125	124	124	73	11	25	-1	-1	-1	-1	-1	13	13	13	13	-1	-1	-1	-1	-1	-1																																																																
1110	13725	50	-1	7060	50	-1	111	13	-1	111	13	-1	111	13	-1	111	13	-1	7	1212	50	50	1207	50	50	13	1212	50	50	1207	50	50	13	-1	-1	1350	450	11	-1	-1	-1	-1	126	126	125	125	74	11	25	-1	-1	-1	-1	-1	13	13	13	13	-1	-1	-1	-1	-1	-1																																																																
1111	13846	50	-1	7122	50	-1	112	13	-1	112	13	-1	112	13	-1	112	13	-1	7	1223	50	50	1218	50	50	13	1223	50	50	1218	50	50	13	-1	-1	1362	454	12	-1	-1	-1	-1	128	128	127	127	75	12	25	-1	-1	-1	-1	-1	13	13	13	13	-1	-1	-1	-1	-1	-1																																																																
1112	38888	65	-1	9339	65	-1	146	16	-1	146	16	-1	146	16	-1	146	16	-1	9	2000	65	65	2000	40	65	13	2000	65	65	2000	40	65	16	-1	-1	1650	600	15	-1	-1	-1	-1	420	420	420	420	420	15	33	-1	-1	-1	-1	-1	16	16	16	16	-1	-1	-1	-1	-1	-1																																																																
1113	18313	65	-1	9419	65	-1	148	16	-1	148	16	-1	148	16	-1	148	16	-1	9	1617	65	65	1610	65	65	13	1617	65	65	1610	65	65	16	-1	-1	1801	600	15	-1	-1	-1	-1	169	169	167	167	101	15	33	-1	-1	-1	-1	-1	16	16	16	16	-1	-1	-1	-1	-1	-1																																																																
1114	18469	65	-1	9500	65	-1	149	16	-1	149	16	-1	149	16	-1	149	16	-1	9	1631	65	65	1625	65	65	13	1631	65	65	1625	65	65	16	-1	-1	1817	605	15	-1	-1	-1	-1	170	170	169	169	102	15	33	-1	-1	-1	-1	-1	16	16	16	16	-1	-1	-1	-1	-1	-1																																																																
1115	18626	65	-1	9581	65	-1	150	16	-1	150	16	-1	150	16	-1	150	16	-1	9	1644	65	65	1638	65	65	13	1644	65	65	1638	65	65	16	-1	-1	1833	611	15	-1	-1	-1	-1	171	171	170	170	104	15	35	-1	-1	-1	-1	-1	16	16	16	16	-1	-1	-1	-1	-1	-1																																																																
1116	18782	65	-1	9661	65	-1	152	16	-1	152	16	-1	152	16	-1	152	16	-1	9	1658	65	65	1652	65	65	13	1658	65	65	1652	65	65	16	-1	-1	1848	616	16	-1	-1	-1	-1	172	172	171	171	105	16	35	-1	-1	-1	-1	-1	16	16	16	16	-1	-1	-1	-1	-1	-1																																																																
1117	18939	65	-1	9742	65	-1	153	18	-1	153	18	-1	153	18	-1	153	18	-1	9	1673	65	65	1666	65	65	14	1673	65	65	1666	65	65	18	-1	-1	1864	621	16	-1	-1	-1	-1	174	174	172	172	107	16	36	-1	-1	-1	-1	-1	18	18	18	18	-1	-1	-1	-1	-1	-1																																																																
1118	19095	65	-1	9822	65	-1	154	18	-1	154	18	-1	154	18	-1	154	18	-1	9	1686	65	65	1679	65	65	14	1686	65	65	1679	65	65	18	-1	-1	1879	626	16	-1	-1	-1	-1	175	175	174	174	109	16	36	-1	-1	-1	-1	-1	18	18	18	18	-1	-1	-1	-1	-1	-1																																																																
1119	19253	65	-1	9903	65	-1	156	18	-1	156	18	-1	156	18	-1	156	18	-1	9	1700	65	65	1693	65	65	14	1700	65	65	1693	65	65	18	-1	-1	1895	631	16	-1	-1	-1	-1	176	176	175	175	110	16	36	-1	-1	-1	-1	-1	18	18	18	18	-1	-1	-1	-1	-1	-1																																																																
1120	19409	65	-1	9982	65	-1	156	18	-1	156	18	-1	156	18	-1	156	18	-1	9	1714	65	65	1708	65	65	14	1714	65	65	1708	65	65	18	-1	-1	1911	637	16	-1	-1	-1	-1	178	178	176	176	111	16	37	-1	-1	-1	-1	-1	18	18	18	18	-1	-1	-1	-1	-1	-11121	15051	50	-1	7741	50	-1	120	14	-1	120	14	-1	120	14	-1	120	14	-1	7	1329	50	50	1324	50	50	14	1329	50	50	1324	50	50	14	0	-1	1482	494	14	-1	-1	-1	-1	139	139	138	138	88	14	29	-1	-1	-1	-1	-1	14	14	14	14	-1	-1	-1	-1	-1	-1
1122	15171	50	-1	7803	50	-1	120	14	-1	120	14	-1	120	14	-1	120	14	-1	7	1340	50	50	1335	50	50	14	1340	50	50	1335	50	50	14	1	-1	1494	498	14	-1	-1	-1	-1	140	140	139	139	89	14	30	-1	-1	-1	-1	-1	14	14	14	14	-1	-1	-1	-1	-1	-1
1123	15292	50	-1	7865	50	-1	120	14	-1	120	14	-1	120	14	-1	120	14	-1	7	1351	50	50	1346	50	50	14	1351	50	50	1346	50	50	14	2	-1	1506	502	14	-1	-1	-1	-1	141	141	140	140	90	14	30	-1	-1	-1	-1	-1	14	14	14	14	-1	-1	-1	-1	-1	-1
1124	15412	50	-1	7927	50	-1	120	14	-1	120	14	-1	120	14	-1	120	14	-1	7	1361	50	50	1356	50	50	14	1361	50	50	1356	50	50	14	3	-1	1518	506	14	-1	-1	-1	-1	142	142	141	141	92	14	30	-1	-1	-1	-1	-1	14	14	14	14	-1	-1	-1	-1	-1	-1
1125	15533	50	-1	7989	50	-1	120	14	-1	120	14	-1	120	14	-1	120	14	-1	7	1372	50	50	1367	50	50	14	1372	50	50	1367	50	50	14	4	-1	1530	510	14	-1	-1	-1	-1	143	143	142	142	93	14	31	-1	-1	-1	-1	-1	14	14	14	14	-1	-1	-1	-1	-1	-1
1126	15653	50	-1	8051	50	-1	120	14	-1	120	14	-1	120	14	-1	120	14	-1	7	1383	50	50	1378	50	50	14	1383	50	50	1378	50	50	14	5	-1	1542	514	15	-1	-1	-1	-1	144	144	143	143	94	15	31	-1	-1	-1	-1	-1	14	14	14	14	-1	-1	-1	-1	-1	-1
1127	15774	50	-1	8113	50	-1	120	14	-1	120	14	-1	120	14	-1	120	14	-1	7	1393	50	50	1388	50	50	14	1393	50	50	1388	50	50	14	6	-1	1554	518	15	-1	-1	-1	-1	145	145	144	144	96	15	32	-1	-1	-1	-1	-1	14	14	14	14	-1	-1	-1	-1	-1	-1
1128	15894	50	-1	8175	50	-1	120	14	-1	120	14	-1	120	14	-1	120	14	-1	7	1404	50	50	1399	50	50	14	1404	50	50	1399	50	50	14	7	-1	1566	522	15	-1	-1	-1	-1	146	146	145	145	97	15	32	-1	-1	-1	-1	-1	14	14	14	14	-1	-1	-1	-1	-1	-1
1129	16015	50	-1	8237	50	-1	120	14	-1	120	14	-1	120	14	-1	120	14	-1	7	1415	50	50	1409	50	50	14	1415	50	50	1409	50	50	14	8	-1	1578	526	15	-1	-1	-1	-1	147	147	146	146	98	15	33	-1	-1	-1	-1	-1	14	14	14	14	-1	-1	-1	-1	-1	-1
1130	16135	50	-1	8298	50	-1	120	14	-1	120	14	-1	120	14	-1	120	14	-1	7	1425	50	50	1420	50	50	14	1425	50	50	1420	50	50	14	9	-1	1590	530	15	-1	-1	-1	-1	148	148	147	147	100	15	33	-1	-1	-1	-1	-1	14	14	14	14	-1	-1	-1	-1	-1	-1
1131	16256	50	-1	8360	50	-1	120	14	-1	120	14	-1	120	14	-1	120	14	-1	7	1436	50	50	1431	50	50	14	1436	50	50	1431	50	50	14	10	-1	1602	534	16	-1	-1	-1	-1	150	150	149	149	101	16	33	-1	-1	-1	-1	-1	14	14	14	14	-1	-1	-1	-1	-1	-1
1132	16376	50	-1	8422	50	-1	120	14	-1	120	14	-1	120	14	-1	120	14	-1	7	1446	50	50	1441	50	50	14	1446	50	50	1441	50	50	14	11	-1	1614	538	16	-1	-1	-1	-1	151	151	150	150	102	16	34	-1	-1	-1	-1	-1	14	14	14	14	-1	-1	-1	-1	-1	-1
1133	16497	50	-1	8484	50	-1	120	14	-1	120	14	-1	120	14	-1	120	14	-1	7	1457	50	50	1452	50	50	14	1457	50	50	1452	50	50	14	12	-1	1626	542	16	-1	-1	-1	-1	152	152	151	151	104	16	34	-1	-1	-1	-1	-1	14	14	14	14	-1	-1	-1	-1	-1	-1
1134	16617	50	-1	8546	50	-1	120	14	-1	120	14	-1	120	14	-1	120	14	-1	7	1468	50	50	1463	50	50	14	1468	50	50	1463	50	50	14	13	-1	1638	546	16	-1	-1	-1	-1	153	153	152	152	105	16	35	-1	-1	-1	-1	-1	14	14	14	14	-1	-1	-1	-1	-1	-1
1135	16738	50	-1	8608	50	-1	120	14	-1	120	14	-1	120	14	-1	120	14	-1	7	1478	50	50	1473	50	50	14	1478	50	50	1473	50	50	14	14	-1	1650	550	17	-1	-1	-1	-1	154	154	153	153	107	17	35	-1	-1	-1	-1	-1	14	14	14	14	-1	-1	-1	-1	-1	-1
1136	16858	50	-1	8670	50	-1	120	14	-1	120	14	-1	120	14	-1	120	14	-1	7	1489	50	50	1484	50	50	14	1489	50	50	1484	50	50	14	15	-1	1662	554	17	-1	-1	-1	-1	155	155	154	154	108	17	36	-1	-1	-1	-1	-1	14	14	14	14	-1	-1	-1	-1	-1	-1
1137	16979	50	-1	8732	50	-1	120	14	-1	120	14	-1	120	14	-1	120	14	-1	7	1500	50	50	1495	50	50	14	1500	50	50	1495	50	50	14	16	-1	1674	558	17	-1	-1	-1	-1	156	156	155	155	110	17	36	-1	-1	-1	-1	-1	14	14	14	14	-1	-1	-1	-1	-1	-1
1138	17099	50	-1	8794	50	-1	120	14	-1	120	14	-1	120	14	-1	120	14	-1	7	1510	50	50	1505	50	50	14	1510	50	50	1505	50	50	14	17	-1	1686	562	17	-1	-1	-1	-1	157	157	156	156	111	17	37	-1	-1	-1	-1	-1	14	14	14	14	-1	-1	-1	-1	-1	-1
1139	17220	50	-1	8856	50	-1	120	14	-1	120	14	-1	120	14	-1	120	14	-1	7	1521	50	50	1516	50	50	14	1521	50	50	1516	50	50	14	18	-1	1698	566	17	-1	-1	-1	-1	158	158	157	157	113	17	37	-1	-1	-1	-1	-1	14	14	14	14	-1	-1	-1	-1	-1	-1
1140	17340	50	-1	8917	50	-1	120	14	-1	120	14	-1	120	14	-1	120	14	-1	7	1532	50	50	1527	50	50	14	1532	50	50	1527	50	50	14	19	-1	1710	570	18	-1	-1	-1	-1	159	159	158	158	114	18	38	-1	-1	-1	-1	-1	14	14	14	14	-1	-1	-1	-1	-1	-1
1141	17461	50	-1	8979	50	-1	120	14	-1	120	14	-1	120	14	-1	120	14	-1	7	1542	50	50	1537	50	50	14	1542	50	50	1537	50	50	14	20	-1	1722	574	18	-1	-1	-1	-1	161	161	160	160	116	18	38	-1	-1	-1	-1	-1	14	14	14	14	-1	-1	-1	-1	-1	-1
1142	17581	50	-1	9041	50	-1	120	14	-1	120	14	-1	120	14	-1	120	14	-1	7	1553	50	50	1548	50	50	14	1553	50	50	1548	50	50	14	21	-1	1734	578	18	-1	-1	-1	-1	162	162	161	161	117	18	39	-1	-1	-1	-1	-1	14	14	14	14	-1	-1	-1	-1	-1	-1
1143	17702	50	-1	9103	50	-1	120	14	-1	120	14	-1	120	14	-1	120	14	-1	7	1564	50	50	1559	50	50	14	1564	50	50	1559	50	50	14	22	-1	1746	582	18	-1	-1	-1	-1	163	163	162	162	119	18	39	-1	-1	-1	-1	-1	14	14	14	14	-1	-1	-1	-1	-1	-1
1144	17822	50	-1	9165	50	-1	120	14	-1	120	14	-1	120	14	-1	120	14	-1	7	1574	50	50	1569	50	50	14	1574	50	50	1569	50	50	14	23	-1	1758	586	19	-1	-1	-1	-1	164	164	163	163	120	19	39	-1	-1	-1	-1	-1	14	14	14	14	-1	-1	-1	-1	-1	-1
1145	17943	50	-1	9227	50	-1	120	14	-1	120	14	-1	120	14	-1	120	14	-1	7	1585	50	50	1580	50	50	14	1585	50	50	1580	50	50	14	24	-1	1770	590	19	-1	-1	-1	-1	165	165	164	164	122	19	40	-1	-1	-1	-1	-1	14	14	14	14	-1	-1	-1	-1	-1	-1
1146	18063	50	-1	9289	50	-1	120	14	-1	120	14	-1	120	14	-1	120	14	-1	7	1596	50	50	1590	50	50	14	1596	50	50	1590	50	50	14	25	-1	1782	594	19	-1	-1	-1	-1	166	166	165	165	123	19	40	-1	-1	-1	-1	-1	14	14	14	14	-1	-1	-1	-1	-1	-1
1147	18184	50	-1	9351	50	-1	120	14	-1	120	14	-1	120	14	-1	120	14	-1	7	1606	50	50	1601	50	50	14	1606	50	50	1601	50	50	14	26	-1	1794	598	19	-1	-1	-1	-1	167	167	166	166	125	19	41	-1	-1	-1	-1	-1	14	14	14	14	-1	-1	-1	-1	-1	-1
1148	18304	50	-1	9413	50	-1	120	14	-1	120	14	-1	120	14	-1	120	14	-1	7	1617	50	50	1612	50	50	14	1617	50	50	1612	50	50	14	27	-1	1806	602	20	-1	-1	-1	-1	168	168	167	167	126	20	41	-1	-1	-1	-1	-1	14	14	14	14	-1	-1	-1	-1	-1	-1
1149	18425	50	-1	9475	50	-1	120	14	-1	120	14	-1	120	14	-1	120	14	-1	7	1627	50	50	1622	50	50	14	1627	50	50	1622	50	50	14	28	-1	1818	606	20	-1	-1	-1	-1	169	169	168	168	128	20	42	-1	-1	-1	-1	-1	14	14	14	14	-1	-1	-1	-1	-1	-1
1150	18545	50	-1	9536	50	-1	120	14	-1	120	14	-1	120	14	-1	120	14	-1	7	1638	50	50	1633	50	50	14	1638	50	50	1633	50	50	14	29	-1	1830	610	20	-1	-1	-1	-1	170	170	169	169	129	20	42	-1	-1	-1	-1	-1	14	14	14	14	-1	-1	-1	-1	-1	-1
2001	591	50	-1	313	50	-1	3	1	-1	3	1	-1	3	1	-1	3	1	-1	1	52	50	50	47	50	50	1	52	50	50	47	50	50	1	-1	-1	42	14	2	-1	-1	-1	-1	10	10	10	10	10	2	1	-1	-1	-1	-1	-1	1	1	1	1	-1	-1	-1	-1	-1	-1
2002	711	50	-1	375	50	-1	3	1	-1	3	1	-1	3	1	-1	3	1	-1	1	62	50	50	57	50	50	1	62	50	50	57	50	50	1	-1	-1	54	18	2	-1	-1	-1	-1	20	20	20	20	20	2	2	-1	-1	-1	-1	-1	1	1	1	1	-1	-1	-1	-1	-1	-1
2003	832	50	-1	437	50	-1	3	1	-1	3	1	-1	3	1	-1	3	1	-1	1	73	50	50	68	50	50	1	73	50	50	68	50	50	1	-1	-1	66	22	2	-1	-1	-1	-1	30	30	30	30	30	2	2	-1	-1	-1	-1	-1	1	1	1	1	-1	-1	-1	-1	-1	-1
2004	952	50	-1	499	50	-1	3	1	-1	3	1	-1	3	1	-1	3	1	-1	1	84	50	50	79	50	50	1	84	50	50	79	50	50	1	-1	-1	78	26	2	-1	-1	-1	-1	40	40	40	40	40	2	2	-1	-1	-1	-1	-1	1	1	1	1	-1	-1	-1	-1	-1	-1
2005	1073	50	-1	561	50	-1	4	1	-1	4	1	-1	4	1	-1	4	1	-1	1	94	50	50	89	50	50	1	94	50	50	89	50	50	1	-1	-1	90	30	2	-1	-1	-1	-1	50	50	50	50	50	2	2	-1	-1	-1	-1	-1	1	1	1	1	-1	-1	-1	-1	-1	-1
2006	1193	50	-1	623	50	-1	4	1	-1	4	1	-1	4	1	-1	4	1	-1	1	105	50	50	100	50	50	1	105	50	50	100	50	50	1	-1	-1	102	34	2	-1	-1	-1	-1	60	60	60	60	60	2	2	-1	-1	-1	-1	-1	1	1	1	1	-1	-1	-1	-1	-1	-1
2007	1314	50	-1	685	50	-1	4	1	-1	4	1	-1	4	1	-1	4	1	-1	1	116	50	50	111	50	50	1	116	50	50	111	50	50	1	-1	-1	114	38	2	-1	-1	-1	-1	70	70	70	70	70	2	3	-1	-1	-1	-1	-1	1	1	1	1	-1	-1	-1	-1	-1	-1
2008	1434	50	-1	747	50	-1	4	2	-1	4	2	-1	4	2	-1	4	2	-1	1	126	50	50	121	50	50	2	126	50	50	121	50	50	2	-1	-1	126	42	2	-1	-1	-1	-1	80	80	80	80	80	2	3	-1	-1	-1	-1	-1	2	2	2	2	-1	-1	-1	-1	-1	-1
2009	1555	50	-1	809	50	-1	4	2	-1	4	2	-1	4	2	-1	4	2	-1	1	137	50	50	132	50	50	2	137	50	50	132	50	50	2	-1	-1	138	46	2	-1	-1	-1	-1	90	90	90	90	90	2	3	-1	-1	-1	-1	-1	2	2	2	2	-1	-1	-1	-1	-1	-1
2010	1675	50	-1	870	50	-1	5	2	-1	5	2	-1	5	2	-1	5	2	-1	2	148	50	50	142	50	50	2	148	50	50	142	50	50	2	-1	-1	150	50	2	-1	-1	-1	-1	100	100	100	100	100	2	3	-1	-1	-1	-1	-1	2	2	2	2	-1	-1	-1	-1	-1	-1
2011	1796	50	-1	932	50	-1	5	2	-1	5	2	-1	5	2	-1	5	2	-1	2	158	50	50	153	50	50	2	158	50	50	153	50	50	2	-1	-1	162	54	2	-1	-1	-1	-1	110	110	110	110	110	2	3	-1	-1	-1	-1	-1	2	2	2	2	-1	-1	-1	-1	-1	-1
2012	1916	50	-1	994	50	-1	5	2	-1	5	2	-1	5	2	-1	5	2	-1	2	169	50	50	164	50	50	2	169	50	50	164	50	50	2	-1	-1	174	58	3	-1	-1	-1	-1	120	120	120	120	120	3	4	-1	-1	-1	-1	-1	2	2	2	2	-1	-1	-1	-1	-1	-1
2013	2037	50	-1	1056	50	-1	5	2	-1	5	2	-1	5	2	-1	5	2	-1	2	179	50	50	174	50	50	2	179	50	50	174	50	50	2	-1	-1	186	62	3	-1	-1	-1	-1	130	130	130	130	130	3	4	-1	-1	-1	-1	-1	2	2	2	2	-1	-1	-1	-1	-1	-1
2014	2157	50	-1	1118	50	-1	5	2	-1	5	2	-1	5	2	-1	5	2	-1	2	190	50	50	185	50	50	2	190	50	50	185	50	50	2	-1	-1	198	66	3	-1	-1	-1	-1	140	140	140	140	140	3	4	-1	-1	-1	-1	-1	2	2	2	2	-1	-1	-1	-1	-1	-1
2015	2278	50	-1	1180	50	-1	6	2	-1	6	2	-1	6	2	-1	6	2	-1	2	201	50	50	196	50	50	2	201	50	50	196	50	50	2	-1	-1	210	70	3	-1	-1	-1	-1	150	150	150	150	150	3	4	-1	-1	-1	-1	-1	2	2	2	2	-1	-1	-1	-1	-1	-1
2016	2398	50	-1	1242	50	-1	6	2	-1	6	2	-1	6	2	-1	6	2	-1	2	211	50	50	206	50	50	2	211	50	50	206	50	50	2	-1	-1	222	74	3	-1	-1	-1	-1	160	160	160	160	160	3	4	-1	-1	-1	-1	-1	2	2	2	2	-1	-1	-1	-1	-1	-1
2017	2519	50	-1	1304	50	-1	6	3	-1	6	3	-1	6	3	-1	6	3	-1	2	222	50	50	217	50	50	3	222	50	50	217	50	50	3	-1	-1	234	78	3	-1	-1	-1	-1	170	170	170	170	170	3	5	-1	-1	-1	-1	-1	3	3	3	3	-1	-1	-1	-1	-1	-1
2018	2639	50	-1	1366	50	-1	6	3	-1	6	3	-1	6	3	-1	6	3	-1	2	233	50	50	228	50	50	3	233	50	50	228	50	50	3	-1	-1	246	82	3	-1	-1	-1	-1	180	180	180	180	180	3	5	-1	-1	-1	-1	-1	3	3	3	3	-1	-1	-1	-1	-1	-1
2019	2760	50	-1	1428	50	-1	7	3	-1	7	3	-1	7	3	-1	7	3	-1	2	243	50	50	238	50	50	3	243	50	50	238	50	50	3	-1	-1	258	86	3	-1	-1	-1	-1	190	190	190	190	190	3	5	-1	-1	-1	-1	-1	3	3	3	3	-1	-1	-1	-1	-1	-1
2020	2880	50	-1	1489	50	-1	7	3	-1	7	3	-1	7	3	-1	7	3	-1	2	254	50	50	249	50	50	3	254	50	50	249	50	50	3	-1	-1	270	90	3	-1	-1	-1	-1	200	200	200	200	200	3	5	-1	-1	-1	-1	-1	3	3	3	3	-1	-1	-1	-1	-1	-1
2021	3001	50	-1	1551	50	-1	7	3	-1	7	3	-1	7	3	-1	7	3	-1	2	265	50	50	260	50	50	3	265	50	50	260	50	50	3	-1	-1	282	94	3	-1	-1	-1	-1	210	210	210	210	210	3	5	-1	-1	-1	-1	-1	3	3	3	3	-1	-1	-1	-1	-1	-1
2022	3121	50	-1	1613	50	-1	7	3	-1	7	3	-1	7	3	-1	7	3	-1	2	275	50	50	270	50	50	3	275	50	50	270	50	50	3	-1	-1	294	98	3	-1	-1	-1	-1	220	220	220	220	220	3	6	-1	-1	-1	-1	-1	3	3	3	3	-1	-1	-1	-1	-1	-1
2023	3242	50	-1	1675	50	-1	7	3	-1	7	3	-1	7	3	-1	7	3	-1	2	286	50	50	281	50	50	3	286	50	50	281	50	50	3	-1	-1	306	102	3	-1	-1	-1	-1	230	230	230	230	230	3	6	-1	-1	-1	-1	-1	3	3	3	3	-1	-1	-1	-1	-1	-1
2024	3362	50	-1	1737	50	-1	8	3	-1	8	3	-1	8	3	-1	8	3	-1	2	297	50	50	292	50	50	3	297	50	50	292	50	50	3	-1	-1	318	106	4	-1	-1	-1	-1	240	240	240	240	240	4	6	-1	-1	-1	-1	-1	3	3	3	3	-1	-1	-1	-1	-1	-1
2025	3483	50	-1	1799	50	-1	8	3	-1	8	3	-1	8	3	-1	8	3	-1	2	307	50	50	302	50	50	3	307	50	50	302	50	50	3	-1	-1	330	110	4	-1	-1	-1	-1	250	250	250	250	250	4	6	-1	-1	-1	-1	-1	3	3	3	3	-1	-1	-1	-1	-1	-1
2026	3603	50	-1	1861	50	-1	8	4	-1	8	4	-1	8	4	-1	8	4	-1	2	318	50	50	313	50	50	4	318	50	50	313	50	50	4	-1	-1	342	114	4	-1	-1	-1	-1	260	260	260	260	260	4	6	-1	-1	-1	-1	-1	4	4	4	4	-1	-1	-1	-1	-1	-1
2027	3724	50	-1	1923	50	-1	8	4	-1	8	4	-1	8	4	-1	8	4	-1	2	329	50	50	323	50	50	4	329	50	50	323	50	50	4	-1	-1	354	118	4	-1	-1	-1	-1	270	270	270	270	270	4	7	-1	-1	-1	-1	-1	4	4	4	4	-1	-1	-1	-1	-1	-1
2028	3844	50	-1	1985	50	-1	8	4	-1	8	4	-1	8	4	-1	8	4	-1	2	339	50	50	334	50	50	4	339	50	50	334	50	50	4	-1	-1	366	122	4	-1	-1	-1	-1	280	280	280	280	280	4	7	-1	-1	-1	-1	-1	4	4	4	4	-1	-1	-1	-1	-1	-1
2029	3965	50	-1	2047	50	-1	9	4	-1	9	4	-1	9	4	-1	9	4	-1	3	350	50	50	345	50	50	4	350	50	50	345	50	50	4	-1	-1	378	126	4	-1	-1	-1	-1	290	290	290	290	290	4	7	-1	-1	-1	-1	-1	4	4	4	4	-1	-1	-1	-1	-1	-1
2030	4085	50	-1	2108	50	-1	9	4	-1	9	4	-1	9	4	-1	9	4	-1	3	360	50	50	355	50	50	4	360	50	50	355	50	50	4	-1	-1	390	130	4	-1	-1	-1	-1	300	300	300	300	300	4	7	-1	-1	-1	-1	-1	4	4	4	4	-1	-1	-1	-1	-1	-1
2031	4206	50	-1	2170	50	-1	9	4	-1	9	4	-1	9	4	-1	9	4	-1	3	371	50	50	366	50	50	4	371	50	50	366	50	50	4	-1	-1	402	134	4	-1	-1	-1	-1	310	310	310	310	310	4	7	-1	-1	-1	-1	-1	4	4	4	4	-1	-1	-1	-1	-1	-1
2032	4326	50	-1	2232	50	-1	9	4	-1	9	4	-1	9	4	-1	9	4	-1	3	382	50	50	377	50	50	4	382	50	50	377	50	50	4	-1	-1	414	138	4	-1	-1	-1	-1	320	320	320	320	320	4	8	-1	-1	-1	-1	-1	4	4	4	4	-1	-1	-1	-1	-1	-1
2033	4447	50	-1	2294	50	-1	9	4	-1	9	4	-1	9	4	-1	9	4	-1	3	392	50	50	387	50	50	4	392	50	50	387	50	50	4	-1	-1	426	142	4	-1	-1	-1	-1	330	330	330	330	330	4	8	-1	-1	-1	-1	-1	4	4	4	4	-1	-1	-1	-1	-1	-1
2034	4567	50	-1	2356	50	-1	10	4	-1	10	4	-1	10	4	-1	10	4	-1	3	403	50	50	398	50	50	4	403	50	50	398	50	50	4	-1	-1	438	146	4	-1	-1	-1	-1	340	340	340	340	340	4	8	-1	-1	-1	-1	-1	4	4	4	4	-1	-1	-1	-1	-1	-1
2035	4688	50	-1	2418	50	-1	10	5	-1	10	5	-1	10	5	-1	10	5	-1	3	414	50	50	409	50	50	5	414	50	50	409	50	50	5	-1	-1	450	150	4	-1	-1	-1	-1	350	350	350	350	350	4	8	-1	-1	-1	-1	-1	5	5	5	5	-1	-1	-1	-1	-1	-1
2036	4808	50	-1	2480	50	-1	10	5	-1	10	5	-1	10	5	-1	10	5	-1	3	424	50	50	419	50	50	5	424	50	50	419	50	50	5	-1	-1	462	154	4	-1	-1	-1	-1	360	360	360	360	360	4	8	-1	-1	-1	-1	-1	5	5	5	5	-1	-1	-1	-1	-1	-1
2037	4929	50	-1	2542	50	-1	10	5	-1	10	5	-1	10	5	-1	10	5	-1	3	435	50	50	430	50	50	5	435	50	50	430	50	50	5	-1	-1	474	158	5	-1	-1	-1	-1	370	370	370	370	370	5	9	-1	-1	-1	-1	-1	5	5	5	5	-1	-1	-1	-1	-1	-1
2038	5049	50	-1	2604	50	-1	10	5	-1	10	5	-1	10	5	-1	10	5	-1	3	446	50	50	441	50	50	5	446	50	50	441	50	50	5	-1	-1	486	162	5	-1	-1	-1	-1	380	380	380	380	380	5	9	-1	-1	-1	-1	-1	5	5	5	5	-1	-1	-1	-1	-1	-1
2039	5170	50	-1	2666	50	-1	11	5	-1	11	5	-1	11	5	-1	11	5	-1	3	456	50	50	451	50	50	5	456	50	50	451	50	50	5	-1	-1	498	166	5	-1	-1	-1	-1	390	390	390	390	390	5	9	-1	-1	-1	-1	-1	5	5	5	5	-1	-1	-1	-1	-1	-1
2040	5290	50	-1	2727	50	-1	11	5	-1	11	5	-1	11	5	-1	11	5	-1	3	467	50	50	462	50	50	5	467	50	50	462	50	50	5	-1	-1	510	170	5	-1	-1	-1	-1	400	400	400	400	400	5	9	-1	-1	-1	-1	-1	5	5	5	5	-1	-1	-1	-1	-1	-1
2041	5411	50	-1	2789	50	-1	11	5	-1	11	5	-1	11	5	-1	11	5	-1	3	478	50	50	473	50	50	5	478	50	50	473	50	50	5	-1	-1	522	174	5	-1	-1	-1	-1	410	410	410	410	410	5	9	-1	-1	-1	-1	-1	5	5	5	5	-1	-1	-1	-1	-1	-1
2042	5531	50	-1	2851	50	-1	11	5	-1	11	5	-1	11	5	-1	11	5	-1	3	488	50	50	483	50	50	5	488	50	50	483	50	50	5	-1	-1	534	178	5	-1	-1	-1	-1	420	420	420	420	420	5	10	-1	-1	-1	-1	-1	5	5	5	5	-1	-1	-1	-1	-1	-1
2043	5652	50	-1	2913	50	-1	11	5	-1	11	5	-1	11	5	-1	11	5	-1	3	499	50	50	494	50	50	5	499	50	50	494	50	50	5	-1	-1	546	182	5	-1	-1	-1	-1	430	430	430	430	430	5	10	-1	-1	-1	-1	-1	5	5	5	5	-1	-1	-1	-1	-1	-1
2044	5772	50	-1	2975	50	-1	12	6	-1	12	6	-1	12	6	-1	12	6	-1	3	510	50	50	504	50	50	6	510	50	50	504	50	50	6	-1	-1	558	186	5	-1	-1	-1	-1	440	440	440	440	440	5	10	-1	-1	-1	-1	-1	6	6	6	6	-1	-1	-1	-1	-1	-1
2045	5893	50	-1	3037	50	-1	12	6	-1	12	6	-1	12	6	-1	12	6	-1	3	520	50	50	515	50	50	6	520	50	50	515	50	50	6	-1	-1	570	190	5	-1	-1	-1	-1	450	450	450	450	450	5	10	-1	-1	-1	-1	-1	6	6	6	6	-1	-1	-1	-1	-1	-1
2046	6013	50	-1	3099	50	-1	12	6	-1	12	6	-1	12	6	-1	12	6	-1	3	531	50	50	526	50	50	6	531	50	50	526	50	50	6	-1	-1	582	194	5	-1	-1	-1	-1	460	460	460	460	460	5	10	-1	-1	-1	-1	-1	6	6	6	6	-1	-1	-1	-1	-1	-1
2047	6134	50	-1	3161	50	-1	12	6	-1	12	6	-1	12	6	-1	12	6	-1	3	541	50	50	536	50	50	6	541	50	50	536	50	50	6	-1	-1	594	198	5	-1	-1	-1	-1	470	470	470	470	470	5	11	-1	-1	-1	-1	-1	6	6	6	6	-1	-1	-1	-1	-1	-1
2048	6254	50	-1	3223	50	-1	12	6	-1	12	6	-1	12	6	-1	12	6	-1	3	552	50	50	547	50	50	6	552	50	50	547	50	50	6	-1	-1	606	202	5	-1	-1	-1	-1	480	480	480	480	480	5	11	-1	-1	-1	-1	-1	6	6	6	6	-1	-1	-1	-1	-1	-1
2049	6375	50	-1	3285	50	-1	13	6	-1	13	6	-1	13	6	-1	13	6	-1	4	563	50	50	558	50	50	6	563	50	50	558	50	50	6	-1	-1	618	206	6	-1	-1	-1	-1	490	490	490	490	490	6	11	-1	-1	-1	-1	-1	6	6	6	6	-1	-1	-1	-1	-1	-1
2050	6495	50	-1	3346	50	-1	13	6	-1	13	6	-1	13	6	-1	13	6	-1	4	573	50	50	568	50	50	6	573	50	50	568	50	50	6	-1	-1	630	210	6	-1	-1	-1	-1	500	500	500	500	500	6	11	-1	-1	-1	-1	-1	6	6	6	6	-1	-1	-1	-1	-1	-1
2051	6616	50	-1	3408	50	-1	13	6	-1	13	6	-1	13	6	-1	13	6	-1	4	584	50	50	579	50	50	6	584	50	50	579	50	50	6	-1	-1	642	214	6	-1	-1	-1	-1	510	510	510	510	510	6	11	-1	-1	-1	-1	-1	6	6	6	6	-1	-1	-1	-1	-1	-1
2052	6736	50	-1	3470	50	-1	13	6	-1	13	6	-1	13	6	-1	13	6	-1	4	595	50	50	590	50	50	6	595	50	50	590	50	50	6	-1	-1	654	218	6	-1	-1	-1	-1	520	520	520	520	520	6	12	-1	-1	-1	-1	-1	6	6	6	6	-1	-1	-1	-1	-1	-1
2053	6857	50	-1	3532	50	-1	13	7	-1	13	7	-1	13	7	-1	13	7	-1	4	605	50	50	600	50	50	7	605	50	50	600	50	50	7	-1	-1	666	222	6	-1	-1	-1	-1	530	530	530	530	530	6	12	-1	-1	-1	-1	-1	7	7	7	7	-1	-1	-1	-1	-1	-1
2054	6977	50	-1	3594	50	-1	14	7	-1	14	7	-1	14	7	-1	14	7	-1	4	616	50	50	611	50	50	7	616	50	50	611	50	50	7	-1	-1	678	226	6	-1	-1	-1	-1	540	540	540	540	540	6	12	-1	-1	-1	-1	-1	7	7	7	7	-1	-1	-1	-1	-1	-1
2055	7098	50	-1	3656	50	-1	14	7	-1	14	7	-1	14	7	-1	14	7	-1	4	627	50	50	622	50	50	7	627	50	50	622	50	50	7	-1	-1	690	230	6	-1	-1	-1	-1	550	550	550	550	550	6	12	-1	-1	-1	-1	-1	7	7	7	7	-1	-1	-1	-1	-1	-1
2056	7218	50	-1	3718	50	-1	14	7	-1	14	7	-1	14	7	-1	14	7	-1	4	637	50	50	632	50	50	7	637	50	50	632	50	50	7	-1	-1	702	234	6	-1	-1	-1	-1	560	560	560	560	560	6	12	-1	-1	-1	-1	-1	7	7	7	7	-1	-1	-1	-1	-1	-1
2057	7339	50	-1	3780	50	-1	14	7	-1	14	7	-1	14	7	-1	14	7	-1	4	648	50	50	643	50	50	7	648	50	50	643	50	50	7	-1	-1	714	238	6	-1	-1	-1	-1	570	570	570	570	570	6	13	-1	-1	-1	-1	-1	7	7	7	7	-1	-1	-1	-1	-1	-1
2058	7459	50	-1	3842	50	-1	14	7	-1	14	7	-1	14	7	-1	14	7	-1	4	659	50	50	654	50	50	7	659	50	50	654	50	50	7	-1	-1	726	242	6	-1	-1	-1	-1	580	580	580	580	580	6	13	-1	-1	-1	-1	-1	7	7	7	7	-1	-1	-1	-1	-1	-1
2059	7580	50	-1	3904	50	-1	15	7	-1	15	7	-1	15	7	-1	15	7	-1	4	669	50	50	664	50	50	7	669	50	50	664	50	50	7	-1	-1	738	246	6	-1	-1	-1	-1	590	590	590	590	590	6	13	-1	-1	-1	-1	-1	7	7	7	7	-1	-1	-1	-1	-1	-1
2060	7700	50	-1	3965	50	-1	15	7	-1	15	7	-1	15	7	-1	15	7	-1	4	680	50	50	675	50	50	7	680	50	50	675	50	50	7	-1	-1	750	250	6	-1	-1	-1	-1	600	600	600	600	600	6	13	-1	-1	-1	-1	-1	7	7	7	7	-1	-1	-1	-1	-1	-1
2061	7821	50	-1	4027	50	-1	15	7	-1	15	7	-1	15	7	-1	15	7	-1	4	691	50	50	685	50	50	7	691	50	50	685	50	50	7	-1	-1	762	254	6	-1	-1	-1	-1	610	610	610	610	610	6	13	-1	-1	-1	-1	-1	7	7	7	7	-1	-1	-1	-1	-1	-1
2062	7941	50	-1	4089	50	-1	15	7	-1	15	7	-1	15	7	-1	15	7	-1	4	701	50	50	696	50	50	7	701	50	50	696	50	50	7	-1	-1	774	258	7	-1	-1	-1	-1	620	620	620	620	620	7	14	-1	-1	-1	-1	-1	7	7	7	7	-1	-1	-1	-1	-1	-1
2063	8062	50	-1	4151	50	-1	16	8	-1	16	8	-1	16	8	-1	16	8	-1	4	712	50	50	707	50	50	8	712	50	50	707	50	50	8	-1	-1	786	262	7	-1	-1	-1	-1	630	630	630	630	630	7	14	-1	-1	-1	-1	-1	8	8	8	8	-1	-1	-1	-1	-1	-1
2064	8182	50	-1	4213	50	-1	16	8	-1	16	8	-1	16	8	-1	16	8	-1	4	722	50	50	717	50	50	8	722	50	50	717	50	50	8	-1	-1	798	266	7	-1	-1	-1	-1	640	640	640	640	640	7	14	-1	-1	-1	-1	-1	8	8	8	8	-1	-1	-1	-1	-1	-1
2065	8303	50	-1	4275	50	-1	16	8	-1	16	8	-1	16	8	-1	16	8	-1	4	733	50	50	728	50	50	8	733	50	50	728	50	50	8	-1	-1	810	270	7	-1	-1	-1	-1	650	650	650	650	650	7	14	-1	-1	-1	-1	-1	8	8	8	8	-1	-1	-1	-1	-1	-1
2066	8423	50	-1	4337	50	-1	16	8	-1	16	8	-1	16	8	-1	16	8	-1	4	744	50	50	739	50	50	8	744	50	50	739	50	50	8	-1	-1	822	274	7	-1	-1	-1	-1	660	660	660	660	660	7	14	-1	-1	-1	-1	-1	8	8	8	8	-1	-1	-1	-1	-1	-1
2067	8544	50	-1	4399	50	-1	16	8	-1	16	8	-1	16	8	-1	16	8	-1	4	754	50	50	749	50	50	8	754	50	50	749	50	50	8	-1	-1	834	278	7	-1	-1	-1	-1	670	670	670	670	670	7	15	-1	-1	-1	-1	-1	8	8	8	8	-1	-1	-1	-1	-1	-1
2068	8664	50	-1	4461	50	-1	17	8	-1	17	8	-1	17	8	-1	17	8	-1	5	765	50	50	760	50	50	8	765	50	50	760	50	50	8	-1	-1	846	282	7	-1	-1	-1	-1	680	680	680	680	680	7	15	-1	-1	-1	-1	-1	8	8	8	8	-1	-1	-1	-1	-1	-1
2069	8785	50	-1	4523	50	-1	17	8	-1	17	8	-1	17	8	-1	17	8	-1	5	776	50	50	771	50	50	8	776	50	50	771	50	50	8	-1	-1	858	286	7	-1	-1	-1	-1	690	690	690	690	690	7	15	-1	-1	-1	-1	-1	8	8	8	8	-1	-1	-1	-1	-1	-1
2070	8905	50	-1	4584	50	-1	17	8	-1	17	8	-1	17	8	-1	17	8	-1	5	786	50	50	781	50	50	8	786	50	50	781	50	50	8	-1	-1	870	290	7	-1	-1	-1	-1	700	700	700	700	700	7	15	-1	-1	-1	-1	-1	8	8	8	8	-1	-1	-1	-1	-1	-1
2071	9026	50	-1	4646	50	-1	17	8	-1	17	8	-1	17	8	-1	17	8	-1	5	797	50	50	792	50	50	8	797	50	50	792	50	50	8	-1	-1	882	294	7	-1	-1	-1	-1	710	710	710	710	710	7	15	-1	-1	-1	-1	-1	8	8	8	8	-1	-1	-1	-1	-1	-1
2072	9146	50	-1	4708	50	-1	17	9	-1	17	9	-1	17	9	-1	17	9	-1	5	808	50	50	803	50	50	9	808	50	50	803	50	50	9	-1	-1	894	298	7	-1	-1	-1	-1	720	720	720	720	720	7	16	-1	-1	-1	-1	-1	9	9	9	9	-1	-1	-1	-1	-1	-1
2073	9267	50	-1	4770	50	-1	18	9	-1	18	9	-1	18	9	-1	18	9	-1	5	818	50	50	813	50	50	9	818	50	50	813	50	50	9	-1	-1	906	302	7	-1	-1	-1	-1	730	730	730	730	730	7	16	-1	-1	-1	-1	-1	9	9	9	9	-1	-1	-1	-1	-1	-1
2074	9387	50	-1	4832	50	-1	18	9	-1	18	9	-1	18	9	-1	18	9	-1	5	829	50	50	824	50	50	9	829	50	50	824	50	50	9	-1	-1	918	306	8	-1	-1	-1	-1	740	740	740	740	740	8	16	-1	-1	-1	-1	-1	9	9	9	9	-1	-1	-1	-1	-1	-1
2075	9508	50	-1	4894	50	-1	18	9	-1	18	9	-1	18	9	-1	18	9	-1	5	840	50	50	835	50	50	9	840	50	50	835	50	50	9	-1	-1	930	310	8	-1	-1	-1	-1	750	750	750	750	750	8	16	-1	-1	-1	-1	-1	9	9	9	9	-1	-1	-1	-1	-1	-1
2076	9628	50	-1	4956	50	-1	18	9	-1	18	9	-1	18	9	-1	18	9	-1	5	850	50	50	845	50	50	9	850	50	50	845	50	50	9	-1	-1	942	314	8	-1	-1	-1	-1	760	760	760	760	760	8	16	-1	-1	-1	-1	-1	9	9	9	9	-1	-1	-1	-1	-1	-1
2077	9749	50	-1	5018	50	-1	18	9	-1	18	9	-1	18	9	-1	18	9	-1	5	861	50	50	856	50	50	9	861	50	50	856	50	50	9	-1	-1	954	318	8	-1	-1	-1	-1	770	770	770	770	770	8	17	-1	-1	-1	-1	-1	9	9	9	9	-1	-1	-1	-1	-1	-1
2078	9869	50	-1	5080	50	-1	19	9	-1	19	9	-1	19	9	-1	19	9	-1	5	872	50	50	866	50	50	9	872	50	50	866	50	50	9	-1	-1	966	322	8	-1	-1	-1	-1	780	780	780	780	780	8	17	-1	-1	-1	-1	-1	9	9	9	9	-1	-1	-1	-1	-1	-1
2079	9990	50	-1	5142	50	-1	19	9	-1	19	9	-1	19	9	-1	19	9	-1	5	882	50	50	877	50	50	9	882	50	50	877	50	50	9	-1	-1	978	326	8	-1	-1	-1	-1	790	790	790	790	790	8	17	-1	-1	-1	-1	-1	9	9	9	9	-1	-1	-1	-1	-1	-1
2080	10110	50	-1	5203	50	-1	19	9	-1	19	9	-1	19	9	-1	19	9	-1	5	893	50	50	888	50	50	9	893	50	50	888	50	50	9	-1	-1	990	330	8	-1	-1	-1	-1	800	800	800	800	800	8	17	-1	-1	-1	-1	-1	9	9	9	9	-1	-1	-1	-1	-1	-1
2081	10231	50	-1	5265	50	-1	19	10	-1	19	10	-1	19	10	-1	19	10	-1	5	903	50	50	898	50	50	10	903	50	50	898	50	50	10	-1	-1	1002	334	8	-1	-1	-1	-1	810	810	810	810	810	8	17	-1	-1	-1	-1	-1	10	10	10	10	-1	-1	-1	-1	-1	-1
2082	10351	50	-1	5327	50	-1	19	10	-1	19	10	-1	19	10	-1	19	10	-1	5	914	50	50	909	50	50	10	914	50	50	909	50	50	10	-1	-1	1014	338	8	-1	-1	-1	-1	820	820	820	820	820	8	18	-1	-1	-1	-1	-1	10	10	10	10	-1	-1	-1	-1	-1	-1
2083	10472	50	-1	5389	50	-1	20	10	-1	20	10	-1	20	10	-1	20	10	-1	5	925	50	50	920	50	50	10	925	50	50	920	50	50	10	-1	-1	1026	342	8	-1	-1	-1	-1	830	830	830	830	830	8	18	-1	-1	-1	-1	-1	10	10	10	10	-1	-1	-1	-1	-1	-1
2084	10592	50	-1	5451	50	-1	20	10	-1	20	10	-1	20	10	-1	20	10	-1	5	935	50	50	930	50	50	10	935	50	50	930	50	50	10	-1	-1	1038	346	8	-1	-1	-1	-1	840	840	840	840	840	8	18	-1	-1	-1	-1	-1	10	10	10	10	-1	-1	-1	-1	-1	-1
2085	10713	50	-1	5513	50	-1	20	10	-1	20	10	-1	20	10	-1	20	10	-1	5	946	50	50	941	50	50	10	946	50	50	941	50	50	10	-1	-1	1050	350	8	-1	-1	-1	-1	850	850	850	850	850	8	18	-1	-1	-1	-1	-1	10	10	10	10	-1	-1	-1	-1	-1	-1
2086	10833	50	-1	5575	50	-1	20	10	-1	20	10	-1	20	10	-1	20	10	-1	5	957	50	50	952	50	50	10	957	50	50	952	50	50	10	-1	-1	1062	354	8	-1	-1	-1	-1	860	860	860	860	860	8	18	-1	-1	-1	-1	-1	10	10	10	10	-1	-1	-1	-1	-1	-1
2087	10954	50	-1	5637	50	-1	20	10	-1	20	10	-1	20	10	-1	20	10	-1	5	967	50	50	962	50	50	10	967	50	50	962	50	50	10	-1	-1	1074	358	9	-1	-1	-1	-1	870	870	870	870	870	9	19	-1	-1	-1	-1	-1	10	10	10	10	-1	-1	-1	-1	-1	-1
2088	11074	50	-1	5699	50	-1	21	10	-1	21	10	-1	21	10	-1	21	10	-1	6	978	50	50	973	50	50	10	978	50	50	973	50	50	10	-1	-1	1086	362	9	-1	-1	-1	-1	880	880	880	880	880	9	19	-1	-1	-1	-1	-1	10	10	10	10	-1	-1	-1	-1	-1	-1
2089	11195	50	-1	5761	50	-1	21	10	-1	21	10	-1	21	10	-1	21	10	-1	6	989	50	50	984	50	50	10	989	50	50	984	50	50	10	-1	-1	1098	366	9	-1	-1	-1	-1	890	890	890	890	890	9	19	-1	-1	-1	-1	-1	10	10	10	10	-1	-1	-1	-1	-1	-1
2090	11315	50	-1	5822	50	-1	21	11	-1	21	11	-1	21	11	-1	21	11	-1	6	999	50	50	994	50	50	11	999	50	50	994	50	50	11	-1	-1	1110	370	9	-1	-1	-1	-1	900	900	900	900	900	9	19	-1	-1	-1	-1	-1	11	11	11	11	-1	-1	-1	-1	-1	-1
2091	11436	50	-1	5884	50	-1	21	11	-1	21	11	-1	21	11	-1	21	11	-1	6	1010	50	50	1005	50	50	11	1010	50	50	1005	50	50	11	-1	-1	1122	374	9	-1	-1	-1	-1	910	910	910	910	910	9	19	-1	-1	-1	-1	-1	11	11	11	11	-1	-1	-1	-1	-1	-1
2092	11556	50	-1	5946	50	-1	21	11	-1	21	11	-1	21	11	-1	21	11	-1	6	1021	50	50	1016	50	50	11	1021	50	50	1016	50	50	11	-1	-1	1134	378	9	-1	-1	-1	-1	920	920	920	920	920	9	20	-1	-1	-1	-1	-1	11	11	11	11	-1	-1	-1	-1	-1	-1
2093	11677	50	-1	6008	50	-1	22	11	-1	22	11	-1	22	11	-1	22	11	-1	6	1031	50	50	1026	50	50	11	1031	50	50	1026	50	50	11	-1	-1	1146	382	9	-1	-1	-1	-1	930	930	930	930	930	9	20	-1	-1	-1	-1	-1	11	11	11	11	-1	-1	-1	-1	-1	-1
2094	11797	50	-1	6070	50	-1	22	11	-1	22	11	-1	22	11	-1	22	11	-1	6	1042	50	50	1037	50	50	11	1042	50	50	1037	50	50	11	-1	-1	1158	386	9	-1	-1	-1	-1	940	940	940	940	940	9	20	-1	-1	-1	-1	-1	11	11	11	11	-1	-1	-1	-1	-1	-1
2095	11918	50	-1	6132	50	-1	22	11	-1	22	11	-1	22	11	-1	22	11	-1	6	1053	50	50	1047	50	50	11	1053	50	50	1047	50	50	11	-1	-1	1170	390	9	-1	-1	-1	-1	950	950	950	950	950	9	20	-1	-1	-1	-1	-1	11	11	11	11	-1	-1	-1	-1	-1	-1
2096	12038	50	-1	6194	50	-1	22	11	-1	22	11	-1	22	11	-1	22	11	-1	6	1063	50	50	1058	50	50	11	1063	50	50	1058	50	50	11	-1	-1	1182	394	9	-1	-1	-1	-1	960	960	960	960	960	9	20	-1	-1	-1	-1	-1	11	11	11	11	-1	-1	-1	-1	-1	-1
2097	12159	50	-1	6256	50	-1	22	11	-1	22	11	-1	22	11	-1	22	11	-1	6	1074	50	50	1069	50	50	11	1074	50	50	1069	50	50	11	-1	-1	1194	398	9	-1	-1	-1	-1	970	970	970	970	970	9	21	-1	-1	-1	-1	-1	11	11	11	11	-1	-1	-1	-1	-1	-1
2098	12279	50	-1	6318	50	-1	23	11	-1	23	11	-1	23	11	-1	23	11	-1	6	1084	50	50	1079	50	50	11	1084	50	50	1079	50	50	11	-1	-1	1206	402	9	-1	-1	-1	-1	980	980	980	980	980	9	21	-1	-1	-1	-1	-1	11	11	11	11	-1	-1	-1	-1	-1	-1
2099	12400	50	-1	6380	50	-1	23	12	-1	23	12	-1	23	12	-1	23	12	-1	6	1095	50	50	1090	50	50	12	1095	50	50	1090	50	50	12	-1	-1	1218	406	10	-1	-1	-1	-1	990	990	990	990	990	10	21	-1	-1	-1	-1	-1	12	12	12	12	-1	-1	-1	-1	-1	-1
2100	12520	50	-1	6441	50	-1	23	12	-1	23	12	-1	23	12	-1	23	12	-1	6	1106	50	50	1101	50	50	12	1106	50	50	1101	50	50	12	-1	-1	1230	410	10	-1	-1	-1	-1	1000	1000	1000	1000	1000	10	21	-1	-1	-1	-1	-1	12	12	12	12	-1	-1	-1	-1	-1	-1
2101	12641	50	-1	6503	50	-1	23	12	-1	23	12	-1	23	12	-1	23	12	-1	6	1116	50	50	1111	50	50	12	1116	50	50	1111	50	50	12	-1	-1	1242	414	10	-1	-1	-1	-1	1010	1010	1010	1010	1010	10	22	-1	-1	-1	-1	-1	12	12	12	12	-1	-1	-1	-1	-1	-1
2102	12761	50	-1	6565	50	-1	23	12	-1	23	12	-1	23	12	-1	23	12	-1	6	1127	50	50	1122	50	50	12	1127	50	50	1122	50	50	12	-1	-1	1254	418	10	-1	-1	-1	-1	1020	1020	1020	1020	1020	10	22	-1	-1	-1	-1	-1	12	12	12	12	-1	-1	-1	-1	-1	-1
2103	12882	50	-1	6627	50	-1	24	12	-1	24	12	-1	24	12	-1	24	12	-1	6	1138	50	50	1133	50	50	12	1138	50	50	1133	50	50	12	-1	-1	1266	422	10	-1	-1	-1	-1	1030	1030	1030	1030	1030	10	22	-1	-1	-1	-1	-1	12	12	12	12	-1	-1	-1	-1	-1	-1
2104	13002	50	-1	6689	50	-1	24	12	-1	24	12	-1	24	12	-1	24	12	-1	6	1148	50	50	1143	50	50	12	1148	50	50	1143	50	50	12	-1	-1	1278	426	10	-1	-1	-1	-1	1040	1040	1040	1040	1040	10	23	-1	-1	-1	-1	-1	12	12	12	12	-1	-1	-1	-1	-1	-1
2105	13123	50	-1	6751	50	-1	24	12	-1	24	12	-1	24	12	-1	24	12	-1	6	1159	50	50	1154	50	50	12	1159	50	50	1154	50	50	12	-1	-1	1290	430	10	-1	-1	-1	-1	1050	1050	1050	1050	1050	10	23	-1	-1	-1	-1	-1	12	12	12	12	-1	-1	-1	-1	-1	-1
2106	13243	50	-1	6813	50	-1	24	12	-1	24	12	-1	24	12	-1	24	12	-1	6	1170	50	50	1165	50	50	12	1170	50	50	1165	50	50	12	-1	-1	1302	434	11	-1	-1	-1	-1	1060	1060	1060	1060	1060	11	23	-1	-1	-1	-1	-1	12	12	12	12	-1	-1	-1	-1	-1	-1
2107	13364	50	-1	6875	50	-1	25	12	-1	25	12	-1	25	12	-1	25	12	-1	7	1180	50	50	1175	50	50	12	1180	50	50	1175	50	50	12	-1	-1	1314	438	11	-1	-1	-1	-1	1070	1070	1070	1070	1070	11	24	-1	-1	-1	-1	-1	12	12	12	12	-1	-1	-1	-1	-1	-1
2108	13484	50	-1	6937	50	-1	25	13	-1	25	13	-1	25	13	-1	25	13	-1	7	1191	50	50	1186	50	50	13	1191	50	50	1186	50	50	13	-1	-1	1326	442	11	-1	-1	-1	-1	1080	1080	1080	1080	1080	11	24	-1	-1	-1	-1	-1	13	13	13	13	-1	-1	-1	-1	-1	-1
2109	13605	50	-1	6999	50	-1	25	13	-1	25	13	-1	25	13	-1	25	13	-1	7	1202	50	50	1197	50	50	13	1202	50	50	1197	50	50	13	-1	-1	1338	446	11	-1	-1	-1	-1	1090	1090	1090	1090	1090	11	25	-1	-1	-1	-1	-1	13	13	13	13	-1	-1	-1	-1	-1	-1
2110	13725	50	-1	7060	50	-1	25	13	-1	25	13	-1	25	13	-1	25	13	-1	7	1212	50	50	1207	50	50	13	1212	50	50	1207	50	50	13	-1	-1	1350	450	11	-1	-1	-1	-1	1100	1100	1100	1100	1100	11	25	-1	-1	-1	-1	-1	13	13	13	13	-1	-1	-1	-1	-1	-1
2111	13846	50	-1	7122	50	-1	25	13	-1	25	13	-1	25	13	-1	25	13	-1	7	1223	50	50	1218	50	50	13	1223	50	50	1218	50	50	13	-1	-1	1362	454	12	-1	-1	-1	-1	1110	1110	1110	1110	1110	12	25	-1	-1	-1	-1	-1	13	13	13	13	-1	-1	-1	-1	-1	-1
2112	13966	50	-1	7184	50	-1	26	13	-1	26	13	-1	26	13	-1	26	13	-1	7	1234	50	50	1228	50	50	13	1234	50	50	1228	50	50	13	-1	-1	1374	458	12	-1	-1	-1	-1	1120	1120	1120	1120	1120	12	26	-1	-1	-1	-1	-1	13	13	13	13	-1	-1	-1	-1	-1	-1
2113	14087	50	-1	7246	50	-1	26	13	-1	26	13	-1	26	13	-1	26	13	-1	7	1244	50	50	1239	50	50	13	1244	50	50	1239	50	50	13	-1	-1	1386	462	12	-1	-1	-1	-1	1130	1130	1130	1130	1130	12	26	-1	-1	-1	-1	-1	13	13	13	13	-1	-1	-1	-1	-1	-1
2114	14207	50	-1	7308	50	-1	26	13	-1	26	13	-1	26	13	-1	26	13	-1	7	1255	50	50	1250	50	50	13	1255	50	50	1250	50	50	13	-1	-1	1398	466	12	-1	-1	-1	-1	1140	1140	1140	1140	1140	12	26	-1	-1	-1	-1	-1	13	13	13	13	-1	-1	-1	-1	-1	-1
2115	14328	50	-1	7370	50	-1	26	13	-1	26	13	-1	26	13	-1	26	13	-1	7	1265	50	50	1260	50	50	13	1265	50	50	1260	50	50	13	-1	-1	1410	470	12	-1	-1	-1	-1	1150	1150	1150	1150	1150	12	27	-1	-1	-1	-1	-1	13	13	13	13	-1	-1	-1	-1	-1	-1
2116	14448	50	-1	7432	50	-1	26	13	-1	26	13	-1	26	13	-1	26	13	-1	7	1276	50	50	1271	50	50	13	1276	50	50	1271	50	50	13	-1	-1	1422	474	13	-1	-1	-1	-1	1160	1160	1160	1160	1160	13	27	-1	-1	-1	-1	-1	13	13	13	13	-1	-1	-1	-1	-1	-1
2117	14569	50	-1	7494	50	-1	27	14	-1	27	14	-1	27	14	-1	27	14	-1	7	1287	50	50	1282	50	50	14	1287	50	50	1282	50	50	14	-1	-1	1434	478	13	-1	-1	-1	-1	1170	1170	1170	1170	1170	13	28	-1	-1	-1	-1	-1	14	14	14	14	-1	-1	-1	-1	-1	-1
2118	14689	50	-1	7556	50	-1	27	14	-1	27	14	-1	27	14	-1	27	14	-1	7	1297	50	50	1292	50	50	14	1297	50	50	1292	50	50	14	-1	-1	1446	482	13	-1	-1	-1	-1	1180	1180	1180	1180	1180	13	28	-1	-1	-1	-1	-1	14	14	14	14	-1	-1	-1	-1	-1	-1
2119	14810	50	-1	7618	50	-1	27	14	-1	27	14	-1	27	14	-1	27	14	-1	7	1308	50	50	1303	50	50	14	1308	50	50	1303	50	50	14	-1	-1	1458	486	13	-1	-1	-1	-1	1190	1190	1190	1190	1190	13	28	-1	-1	-1	-1	-1	14	14	14	14	-1	-1	-1	-1	-1	-1
2120	14930	50	-1	7679	50	-1	27	14	-1	27	14	-1	27	14	-1	27	14	-1	7	1319	50	50	1314	50	50	14	1319	50	50	1314	50	50	14	-1	-1	1470	490	13	-1	-1	-1	-1	1200	1200	1200	1200	1200	13	29	-1	-1	-1	-1	-1	14	14	14	14	-1	-1	-1	-1	-1	-1
2121	15051	50	-1	7741	50	-1	27	14	-1	27	14	-1	27	14	-1	27	14	-1	7	1329	50	50	1324	50	50	14	1329	50	50	1324	50	50	14	0	-1	1482	494	14	-1	-1	-1	-1	1210	1210	1210	1210	1210	14	29	-1	-1	-1	-1	-1	14	14	14	14	-1	-1	-1	-1	-1	-1
2122	15171	50	-1	7803	50	-1	27	14	-1	27	14	-1	27	14	-1	27	14	-1	7	1340	50	50	1335	50	50	14	1340	50	50	1335	50	50	14	1	-1	1494	498	14	-1	-1	-1	-1	1220	1220	1220	1220	1220	14	30	-1	-1	-1	-1	-1	14	14	14	14	-1	-1	-1	-1	-1	-1
2123	15292	50	-1	7865	50	-1	27	14	-1	27	14	-1	27	14	-1	27	14	-1	7	1351	50	50	1346	50	50	14	1351	50	50	1346	50	50	14	2	-1	1506	502	14	-1	-1	-1	-1	1230	1230	1230	1230	1230	14	30	-1	-1	-1	-1	-1	14	14	14	14	-1	-1	-1	-1	-1	-1
2124	15412	50	-1	7927	50	-1	27	14	-1	27	14	-1	27	14	-1	27	14	-1	7	1361	50	50	1356	50	50	14	1361	50	50	1356	50	50	14	3	-1	1518	506	14	-1	-1	-1	-1	1240	1240	1240	1240	1240	14	30	-1	-1	-1	-1	-1	14	14	14	14	-1	-1	-1	-1	-1	-1
2125	15533	50	-1	7989	50	-1	27	14	-1	27	14	-1	27	14	-1	27	14	-1	7	1372	50	50	1367	50	50	14	1372	50	50	1367	50	50	14	4	-1	1530	510	14	-1	-1	-1	-1	1250	1250	1250	1250	1250	14	31	-1	-1	-1	-1	-1	14	14	14	14	-1	-1	-1	-1	-1	-1
2126	15653	50	-1	8051	50	-1	27	14	-1	27	14	-1	27	14	-1	27	14	-1	7	1383	50	50	1378	50	50	14	1383	50	50	1378	50	50	14	5	-1	1542	514	15	-1	-1	-1	-1	1260	1260	1260	1260	1260	15	31	-1	-1	-1	-1	-1	14	14	14	14	-1	-1	-1	-1	-1	-1
2127	15774	50	-1	8113	50	-1	27	14	-1	27	14	-1	27	14	-1	27	14	-1	7	1393	50	50	1388	50	50	14	1393	50	50	1388	50	50	14	6	-1	1554	518	15	-1	-1	-1	-1	1270	1270	1270	1270	1270	15	32	-1	-1	-1	-1	-1	14	14	14	14	-1	-1	-1	-1	-1	-1
2128	15894	50	-1	8175	50	-1	27	14	-1	27	14	-1	27	14	-1	27	14	-1	7	1404	50	50	1399	50	50	14	1404	50	50	1399	50	50	14	7	-1	1566	522	15	-1	-1	-1	-1	1280	1280	1280	1280	1280	15	32	-1	-1	-1	-1	-1	14	14	14	14	-1	-1	-1	-1	-1	-1
2129	16015	50	-1	8237	50	-1	27	14	-1	27	14	-1	27	14	-1	27	14	-1	7	1415	50	50	1409	50	50	14	1415	50	50	1409	50	50	14	8	-1	1578	526	15	-1	-1	-1	-1	1290	1290	1290	1290	1290	15	33	-1	-1	-1	-1	-1	14	14	14	14	-1	-1	-1	-1	-1	-1
2130	16135	50	-1	8298	50	-1	27	14	-1	27	14	-1	27	14	-1	27	14	-1	7	1425	50	50	1420	50	50	14	1425	50	50	1420	50	50	14	9	-1	1590	530	15	-1	-1	-1	-1	1300	1300	1300	1300	1300	15	33	-1	-1	-1	-1	-1	14	14	14	14	-1	-1	-1	-1	-1	-1
2131	16256	50	-1	8360	50	-1	27	14	-1	27	14	-1	27	14	-1	27	14	-1	7	1436	50	50	1431	50	50	14	1436	50	50	1431	50	50	14	10	-1	1602	534	16	-1	-1	-1	-1	1310	1310	1310	1310	1310	16	33	-1	-1	-1	-1	-1	14	14	14	14	-1	-1	-1	-1	-1	-1
2132	16376	50	-1	8422	50	-1	27	14	-1	27	14	-1	27	14	-1	27	14	-1	7	1446	50	50	1441	50	50	14	1446	50	50	1441	50	50	14	11	-1	1614	538	16	-1	-1	-1	-1	1320	1320	1320	1320	1320	16	34	-1	-1	-1	-1	-1	14	14	14	14	-1	-1	-1	-1	-1	-1
2133	16497	50	-1	8484	50	-1	27	14	-1	27	14	-1	27	14	-1	27	14	-1	7	1457	50	50	1452	50	50	14	1457	50	50	1452	50	50	14	12	-1	1626	542	16	-1	-1	-1	-1	1330	1330	1330	1330	1330	16	34	-1	-1	-1	-1	-1	14	14	14	14	-1	-1	-1	-1	-1	-1
2134	16617	50	-1	8546	50	-1	27	14	-1	27	14	-1	27	14	-1	27	14	-1	7	1468	50	50	1463	50	50	14	1468	50	50	1463	50	50	14	13	-1	1638	546	16	-1	-1	-1	-1	1340	1340	1340	1340	1340	16	35	-1	-1	-1	-1	-1	14	14	14	14	-1	-1	-1	-1	-1	-1
2135	16738	50	-1	8608	50	-1	27	14	-1	27	14	-1	27	14	-1	27	14	-1	7	1478	50	50	1473	50	50	14	1478	50	50	1473	50	50	14	14	-1	1650	550	17	-1	-1	-1	-1	1350	1350	1350	1350	1350	17	35	-1	-1	-1	-1	-1	14	14	14	14	-1	-1	-1	-1	-1	-1
2136	16858	50	-1	8670	50	-1	27	14	-1	27	14	-1	27	14	-1	27	14	-1	7	1489	50	50	1484	50	50	14	1489	50	50	1484	50	50	14	15	-1	1662	554	17	-1	-1	-1	-1	1360	1360	1360	1360	1360	17	36	-1	-1	-1	-1	-1	14	14	14	14	-1	-1	-1	-1	-1	-1
2137	16979	50	-1	8732	50	-1	27	14	-1	27	14	-1	27	14	-1	27	14	-1	7	1500	50	50	1495	50	50	14	1500	50	50	1495	50	50	14	16	-1	1674	558	17	-1	-1	-1	-1	1370	1370	1370	1370	1370	17	36	-1	-1	-1	-1	-1	14	14	14	14	-1	-1	-1	-1	-1	-1
2138	17099	50	-1	8794	50	-1	27	14	-1	27	14	-1	27	14	-1	27	14	-1	7	1510	50	50	1505	50	50	14	1510	50	50	1505	50	50	14	17	-1	1686	562	17	-1	-1	-1	-1	1380	1380	1380	1380	1380	17	37	-1	-1	-1	-1	-1	14	14	14	14	-1	-1	-1	-1	-1	-1
2139	17220	50	-1	8856	50	-1	27	14	-1	27	14	-1	27	14	-1	27	14	-1	7	1521	50	50	1516	50	50	14	1521	50	50	1516	50	50	14	18	-1	1698	566	17	-1	-1	-1	-1	1390	1390	1390	1390	1390	17	37	-1	-1	-1	-1	-1	14	14	14	14	-1	-1	-1	-1	-1	-1
2140	17340	50	-1	8917	50	-1	27	14	-1	27	14	-1	27	14	-1	27	14	-1	7	1532	50	50	1527	50	50	14	1532	50	50	1527	50	50	14	19	-1	1710	570	18	-1	-1	-1	-1	1400	1400	1400	1400	1400	18	38	-1	-1	-1	-1	-1	14	14	14	14	-1	-1	-1	-1	-1	-1
2141	17461	50	-1	8979	50	-1	27	14	-1	27	14	-1	27	14	-1	27	14	-1	7	1542	50	50	1537	50	50	14	1542	50	50	1537	50	50	14	20	-1	1722	574	18	-1	-1	-1	-1	1410	1410	1410	1410	1410	18	38	-1	-1	-1	-1	-1	14	14	14	14	-1	-1	-1	-1	-1	-1
2142	17581	50	-1	9041	50	-1	27	14	-1	27	14	-1	27	14	-1	27	14	-1	7	1553	50	50	1548	50	50	14	1553	50	50	1548	50	50	14	21	-1	1734	578	18	-1	-1	-1	-1	1420	1420	1420	1420	1420	18	39	-1	-1	-1	-1	-1	14	14	14	14	-1	-1	-1	-1	-1	-1
2143	17702	50	-1	9103	50	-1	27	14	-1	27	14	-1	27	14	-1	27	14	-1	7	1564	50	50	1559	50	50	14	1564	50	50	1559	50	50	14	22	-1	1746	582	18	-1	-1	-1	-1	1430	1430	1430	1430	1430	18	39	-1	-1	-1	-1	-1	14	14	14	14	-1	-1	-1	-1	-1	-1
2144	17822	50	-1	9165	50	-1	27	14	-1	27	14	-1	27	14	-1	27	14	-1	7	1574	50	50	1569	50	50	14	1574	50	50	1569	50	50	14	23	-1	1758	586	19	-1	-1	-1	-1	1440	1440	1440	1440	1440	19	39	-1	-1	-1	-1	-1	14	14	14	14	-1	-1	-1	-1	-1	-1
2145	17943	50	-1	9227	50	-1	27	14	-1	27	14	-1	27	14	-1	27	14	-1	7	1585	50	50	1580	50	50	14	1585	50	50	1580	50	50	14	24	-1	1770	590	19	-1	-1	-1	-1	1450	1450	1450	1450	1450	19	40	-1	-1	-1	-1	-1	14	14	14	14	-1	-1	-1	-1	-1	-1
2146	18063	50	-1	9289	50	-1	27	14	-1	27	14	-1	27	14	-1	27	14	-1	7	1596	50	50	1590	50	50	14	1596	50	50	1590	50	50	14	25	-1	1782	594	19	-1	-1	-1	-1	1460	1460	1460	1460	1460	19	40	-1	-1	-1	-1	-1	14	14	14	14	-1	-1	-1	-1	-1	-1
2147	18184	50	-1	9351	50	-1	27	14	-1	27	14	-1	27	14	-1	27	14	-1	7	1606	50	50	1601	50	50	14	1606	50	50	1601	50	50	14	26	-1	1794	598	19	-1	-1	-1	-1	1470	1470	1470	1470	1470	19	41	-1	-1	-1	-1	-1	14	14	14	14	-1	-1	-1	-1	-1	-1
2148	18304	50	-1	9413	50	-1	27	14	-1	27	14	-1	27	14	-1	27	14	-1	7	1617	50	50	1612	50	50	14	1617	50	50	1612	50	50	14	27	-1	1806	602	20	-1	-1	-1	-1	1480	1480	1480	1480	1480	20	41	-1	-1	-1	-1	-1	14	14	14	14	-1	-1	-1	-1	-1	-1
2149	18425	50	-1	9475	50	-1	27	14	-1	27	14	-1	27	14	-1	27	14	-1	7	1627	50	50	1622	50	50	14	1627	50	50	1622	50	50	14	28	-1	1818	606	20	-1	-1	-1	-1	1490	1490	1490	1490	1490	20	42	-1	-1	-1	-1	-1	14	14	14	14	-1	-1	-1	-1	-1	-1
2150	18545	50	-1	9536	50	-1	27	14	-1	27	14	-1	27	14	-1	27	14	-1	7	1638	50	50	1633	50	50	14	1638	50	50	1633	50	50	14	29	-1	1830	610	20	-1	-1	-1	-1	1500	1500	1500	1500	1500	20	42	-1	-1	-1	-1	-1	14	14	14	14	-1	-1	-1	-1	-1	-1
2151	18000	-1	-1	18000	-1	-1	120	-1	-1	120	-1	-1	120	-1	-1	120	-1	-1	-1	1888	-1	-1	900	-1	-1	-1	1888	-1	-1	900	-1	-1	-1	-1	-1	-1	-1	21	-1	-1	-1	-1	188	188	188	188	188	-1	58	-1	-1	-1	-1	-1	-1	-1	-1	-1	-1	-1	-1	-1	-1	-1
3001	22761	88	-1	15331	60	-1	500	30	-1	500	30	-1	500	30	-1	500	30	-1	15	2000	60	60	1400	60	60	60	1890	60	60	1386	60	60	20	-1	-1	1950	830	45	40	-1	-1	-1	3500	3500	3500	3500	3500	88	500	-1	-1	-1	-1	-1	60	60	60	60	-1	-1	-1	-1	-1	-1
3002	12761	88	-1	6565	50	-1	210	12	-1	210	12	-1	210	12	-1	210	12	-1	6	1638	50	50	1122	50	50	12	1638	50	50	1122	50	50	12	-1	-1	1510	1333	21	-1	-1	-1	-1	3500	3500	3500	3500	3500	30	500	-1	-1	-1	-1	-1	50	50	50	50	-1	-1	-1	-1	-1	-1
3003	19761	55	-1	12321	55	-1	220	20	-1	220	20	-1	220	20	-1	220	20	-1	10	1800	55	55	1300	55	55	15	1750	55	55	1235	55	55	15	-1	-1	1840	750	35	-1	-1	-1	-1	175	175	175	175	78	23	45	-1	-1	-1	-1	-1	55	55	55	55	-1	-1	-1	-1	-1	-1
3004	22761	60	-1	15331	60	-1	240	30	-1	240	30	-1	240	30	-1	240	30	-1	15	2000	60	60	1400	60	60	20	1890	60	60	1386	60	60	20	-1	-1	1950	830	45	-1	-1	-1	-1	189	189	189	189	89	28	49	-1	-1	-1	-1	-1	60	60	60	60	-1	-1	-1	-1	-1	-1
3005	22761	80	-1	15331	60	-1	300	30	-1	300	30	-1	300	30	-1	300	30	-1	15	2000	60	60	1400	60	60	20	1890	60	60	1386	60	60	20	-1	-1	1950	830	45	-1	-1	-1	-1	799	799	799	799	799	28	49	-1	-1	-1	-1	-1	60	60	60	60	-1	-1	-1	-1	-1	-1
#雷霆武器衣服																																																																
3006	18888	20	-1	15331	60	-1	500	30	-1	500	30	-1	500	30	-1	500	30	-1	-1	2000	-1	-1	2000	15	-1	-1	2000	-1	60	2000	15	-1	20	-1	-1	800	500	-1	-1	-1	-1	-1	1000	1000	1000	1000	1000	-1	-1	-1	-1	-1	-1	-1	60	60	60	60	-1	-1	-1	-1	-1	-1
#通天武器衣服																																																																
3007	22761	30	-1	15331	60	-1	400	30	-1	400	30	-1	400	30	-1	400	30	-1	20	3000	20	20	3000	20	20	20	3000	20	60	3000	20	-1	20	-1	-1	1200	800	-1	-1	-1	-1	-1	1500	1500	1500	1500	1500	-1	-1	-1	-1	-1	-1	-1	60	60	60	60	-1	-1	-1	-1	-1	-1
#通天首饰及防具																																																																
3008	22761	-1	-1	9339	65	-1	146	16	-1	146	16	-1	146	16	-1	146	16	-1	-1	1500	-1	-1	1500	-1	-1	-1	1500	-1	65	1500	-1	-1	16	-1	-1	800	500	10	-1	-1	-1	-1	600	600	600	600	600	-1	-1	-1	-1	-1	-1	-1	16	16	16	16	-1	-1	-1	-1	-1	-1
#雷霆首饰及防具																																																																
3009	18888	-1	-1	15331	60	-1	400	30	-1	400	30	-1	400	30	-1	400	30	-1	-1	1200	-1	-1	1200	-1	-1	-1	1200	-1	60	1200	-1	-1	20	-1	-1	500	300	5	-1	-1	-1	-1	400	400	400	400	400	-1	-1	-1	-1	-1	-1	-1	60	60	60	60	-1	-1	-1	-1	-1	-1
#星辰武器衣服																																																																
3010	32761	40	-1	20331	45	-1	300	45	-1	300	45	-1	300	45	-1	300	45	-1	35	5000	35	35	5000	28	35	35	5000	35	65	5000	35	-1	24	-1	-1	2000	1200	-1	-1	-1	-1	-1	2500	2500	2500	2500	2500	50	-1	-1	-1	-1	-1	-1	65	65	65	65	-1	-1	-1	-1	-1	-1
#星辰首饰防具																																																																
3011	32761	-1	-1	25331	70	-1	320	55	-1	320	55	-1	320	55	-1	320	55	-1	-1	2500	-1	-1	2500	-1	-1	-1	2500	-1	70	2500	-1	-1	28	-1	-1	1500	1000	20	-1	-1	-1	-1	1000	1000	1000	1000	1000	-1	-1	-1	-1	-1	-1	-1	70	70	70	70	-1	-1	-1	-1	-1	-1
#重楼																																																																
3012	32761	-1	-1	30331	75	-1	340	65	-1	340	65	-1	340	65	-1	340	65	-1	-1	-1	-1	-1	-1	-1	-1	-1	-1	-1	75	-1	-1	-1	32	-1	-1	800	1200	30	-1	-1	-1	-1	2000	2000	2000	2000	2000	-1	-1	-1	-1	-1	-1	-1	75	75	75	75	-1	-1	-1	-1	-1	-1
#太乙五烟罗																																																																
3013	32761	50	-1	35331	80	-1	360	75	-1	360	75	-1	360	75	-1	360	75	-1	-1	8888	-1	-1	8888	35	-1	-1	8888	-1	80	8888	35	-1	-1	-1	-1	-1	1200	-1	-1	-1	-1	-1	5000	5000	5000	5000	5000	-1	-1	-1	-1	-1	-1	-1	80	80	80	80	-1	-1	-1	-1	-1	-1
#顶级武器																																																																
3014	32761	50	-1	-1	-1	-1	1000	-1	-1	1000	-1	-1	1000	-1	-1	1000	-1	-1	-1	-1	108	-1	-1	-1	-1	-1	-1	108	-1	-1	-1	-1	-1	-1	-1	3000	-1	-1	30	-1	-1	-1	5000	5000	5000	5000	5000	-1	-1	-1	-1	-1	-1	-1	80	80	80	80	-1	-1	-1	-1	-1	-1
#武魂暗器龙魂																																																																
3015	32761	-1	-1	-1	-1	-1	1000	-1	-1	1000	-1	-1	1000	-1	-1	1000	-1	-1	-1	-1	35	-1	-1	-1	-1	-1	-1	35	-1	-1	-1	-1	-1	-1	-1		-1	50	-1	-1	-1	-1	2800	2800	2800	2800	2800	-1	-1	-1	-1	-1	-1	-1	80	80	80	80	-1	-1	-1	-1	-1	-1
