INT	INT	INT	INT	INT	INT	INT	INT	INT	INT	INT	INT	INT	INT	INT	INT	INT	INT	INT	INT	INT	INT	INT	INT	INT	INT	INT	INT	INT	INT	INT	INT	INT	INT	INT	INT	INT	INT	INT	INT	INT	INT	INT	INT	INT	INT	INT	INT	INT	INT	INT	INT	INT	INT	INT	INT	INT	INT	INT	INT	INT	INT	INT	INT	INT	INT	INT	INT	INT	INT	INT	INT	INT	INT	INT	INT	INT	INT	INT	INT	INT	INT	INT	INT	INT	INT	INT	INT	INT	INT	INT	INT	INT	INT	INT	INT	INT	INT	INT	INT	INT	INT	INT	INT	INT	INT	INT	INT	INT	INT	INT	INT	INT	INT	INT	INT	INT	INT	INT	INT	INT	INT	INT	INT	INT	INT	INT	INT	INT
学习等级	消耗金钱	消耗经验	消耗金钱	消耗经验	消耗金钱	消耗经验	消耗金钱	消耗经验	消耗金钱	消耗经验	消耗金钱	消耗经验	消耗金钱	消耗经验	消耗金钱	消耗经验	消耗金钱	消耗经验	消耗金钱	消耗经验	消耗金钱	消耗经验	消耗金钱	消耗经验	消耗金钱	消耗经验	消耗金钱	消耗经验	消耗金钱	消耗经验	消耗金钱	消耗经验	消耗金钱	消耗经验	消耗金钱	消耗经验	消耗金钱	消耗经验	消耗金钱	消耗经验	消耗金钱	消耗经验	消耗金钱	消耗经验	消耗金钱	消耗经验	消耗金钱	消耗经验	消耗金钱	消耗经验	消耗金钱	消耗经验	消耗金钱	消耗经验	消耗金钱	消耗经验	消耗金钱	消耗经验	消耗金钱	消耗经验	消耗金钱	消耗经验	消耗金钱	消耗经验	消耗金钱	消耗经验	消耗金钱	消耗经验	消耗金钱	消耗经验	消耗金钱	消耗经验	消耗金钱	消耗经验	消耗金钱	消耗经验	消耗金钱	消耗经验	消耗金钱	消耗经验	消耗金钱	消耗经验	消耗金钱	消耗经验	消耗金钱	消耗经验	消耗金钱	消耗经验	消耗金钱	消耗经验	消耗金钱	消耗经验	消耗金钱	消耗经验	消耗金钱	消耗经验	消耗金钱	消耗经验	消耗金钱	消耗经验	消耗金钱	消耗经验	消耗金钱	消耗经验	消耗金钱	消耗经验	消耗金钱	消耗经验	消耗金钱	消耗经验	消耗金钱	消耗经验	消耗金钱	消耗经验	消耗金钱	消耗经验	消耗金钱	消耗经验	消耗金钱	消耗经验	消耗金钱	消耗经验	消耗金钱	消耗经验	消耗金钱	消耗经验	消耗金钱	消耗经验
888	0	0	1	1	2	2	3	3	4	4	5	5	6	6	7	7	8	8	9	9	10	10	11	11	12	12	13	13	14	14	15	15	16	16	17	17	18	18	19	19	20	20	21	21	22	22	23	23	24	24	25	25	26	26	27	27	28	28	29	29	30	30	31	31	32	32	33	33	34	34	35	35	36	36	37	37	38	38	39	39	40	40	41	41	42	42	43	43	44	44	45	45	46	46	47	47	48	48	49	49	50	50	51	51	52	52	53	53	54	54	55	55	56	56	57	57	58	58	59	59	60	60	61	61	62	62	63	63
999	0	1	0	1	0	1	0	1	0	1	0	1	0	1	0	1	0	1	0	1	0	1	0	1	0	1	0	1	0	1	0	1	0	1	0	1	0	1	0	1	0	1	0	1	0	1	0	1	0	1	0	1	0	1	0	1	0	1	0	1	0	1	0	1	0	1	0	1	0	1	0	1	0	1	0	1	0	1	0	1	0	1	0	1	0	1	0	1	0	1	0	1	0	1	0	1	0	1	0	1	0	1	0	1	0	1	0	1	0	1	0	1	0	1	0	1	0	1	0	1	0	1	0	1	0	1	0	1
1	1	1	1	1	1	1	1	1	1	1	1	1	1	1	1	1	1	1	1	1	1	1	1	1	1	1	1	1	1	1	1	1	1	1	1	1	1	1	1	1	1	1	1	1	1	1	1	1	1	1	1	1	1	1	1	1	1	1	1	1	1	1	1	1	1	1	1	1	1	1	1	1	1	1	1	1	1	1	1	1	1	1	1	1	1	1	1	1	1	1	1	1	1	1	1	1	1	1	1	1	1	1	1	1	1	1	1	1	1	1	1	1	1	1	1	1	1	1	1	1	1	1	1	1	1	1	1	1
2	1	1	1	1	1	1	1	1	1	1	1	1	1	1	1	1	1	1	1	1	1	1	1	1	1	1	1	1	1	1	1	1	1	1	1	1	1	1	1	1	1	1	1	1	1	1	1	1	1	1	1	1	1	1	1	1	1	1	1	1	1	1	1	1	1	1	1	1	1	1	1	1	1	1	1	1	1	1	1	1	1	1	1	1	1	1	1	1	1	1	1	1	1	1	1	1	1	1	1	1	1	1	1	1	1	1	1	1	1	1	1	1	1	1	1	1	1	1	1	1	1	1	1	1	1	1	1	1
3	1	1	1	1	1	1	1	1	1	1	1	1	1	1	1	1	1	1	1	1	1	1	1	1	1	1	1	1	1	1	1	1	1	1	1	1	1	1	1	1	1	1	1	1	1	1	1	1	1	1	1	1	1	1	1	1	1	1	1	1	1	1	1	1	1	1	1	1	1	1	1	1	1	1	1	1	1	1	1	1	1	1	1	1	1	1	1	1	1	1	1	1	1	1	1	1	1	1	1	1	1	1	1	1	1	1	1	1	1	1	1	1	1	1	1	1	1	1	1	1	1	1	1	1	1	1	1	1
4	1	1	1	1	1	1	1	1	1	1	1	1	1	1	1	1	1	1	1	1	1	1	1	1	1	1	1	1	1	1	1	1	1	1	1	1	1	1	1	1	1	1	1	1	1	1	1	1	1	1	1	1	1	1	1	1	1	1	1	1	1	1	1	1	1	1	1	1	1	1	1	1	1	1	1	1	1	1	1	1	1	1	1	1	1	1	1	1	1	1	1	1	1	1	1	1	1	1	1	1	1	1	1	1	1	1	1	1	1	1	1	1	1	1	1	1	1	1	1	1	1	1	1	1	1	1	1	1
5	1	1	1	1	1	2	1	2	1	1	1	1	1	2	1	1	1	2	1	2	1	1	1	1	1	2	1	1	1	2	1	2	1	1	1	1	1	2	1	1	1	2	1	2	1	1	1	1	1	2	1	1	1	2	1	2	1	1	1	1	1	2	1	1	1	2	1	2	1	1	1	1	1	2	1	1	1	2	1	2	1	1	1	1	1	2	1	1	1	2	1	2	1	1	1	1	1	2	1	1	1	2	1	2	1	1	1	1	1	2	1	2	1	2	1	2	1	2	1	2	1	2	1	2	1	2	1	2
6	1	1	1	1	1	3	1	3	1	1	1	1	1	3	1	1	1	3	1	3	1	1	1	1	1	3	1	1	1	3	1	3	1	1	1	1	1	3	1	1	1	3	1	3	1	1	1	1	1	3	1	1	1	3	1	3	1	1	1	1	1	3	1	1	1	3	1	3	1	1	1	1	1	3	1	1	1	3	1	3	1	1	1	1	1	3	1	1	1	3	1	3	1	1	1	1	1	3	1	1	1	3	1	3	1	1	1	1	1	3	1	4	1	4	1	4	1	4	1	4	1	4	1	4	1	4	1	4
7	1	1	1	1	1	4	1	4	1	2	1	2	1	4	1	1	1	4	1	4	1	2	1	2	1	4	1	1	1	4	1	4	1	2	1	2	1	4	1	1	1	4	1	4	1	2	1	2	1	4	1	1	1	4	1	4	1	2	1	2	1	4	1	1	1	4	1	4	1	2	1	2	1	4	1	1	1	4	1	4	1	2	1	2	1	4	1	1	1	4	1	4	1	2	1	2	1	4	1	1	1	4	1	4	1	2	1	2	1	4	1	6	1	6	1	6	1	6	1	6	1	6	1	6	1	6	1	6
8	1	1	1	2	1	6	1	6	1	3	1	3	1	6	1	2	1	6	1	6	1	3	1	3	1	6	1	2	1	6	1	6	1	3	1	3	1	6	1	2	1	6	1	6	1	3	1	3	1	6	1	2	1	6	1	6	1	3	1	3	1	6	1	2	1	6	1	6	1	3	1	3	1	6	1	2	1	6	1	6	1	3	1	3	1	6	1	2	1	6	1	6	1	3	1	3	1	6	1	2	1	6	1	6	1	3	1	3	1	6	1	8	1	8	1	8	1	8	1	8	1	8	1	8	1	8	1	8
9	1	1	1	2	1	7	1	7	1	3	1	3	1	7	1	2	1	7	1	7	1	3	1	3	1	7	1	2	1	7	1	7	1	3	1	3	1	7	1	2	1	7	1	7	1	3	1	3	1	7	1	2	1	7	1	7	1	3	1	3	1	7	1	2	1	7	1	7	1	3	1	3	1	7	1	2	1	7	1	7	1	3	1	3	1	7	1	2	1	7	1	7	1	3	1	3	1	7	1	2	1	7	1	7	1	3	1	3	1	7	1	9	1	9	1	9	1	9	1	9	1	9	1	9	1	9	1	9
10	1	1	1	2	1	7	1	7	1	3	1	3	1	7	1	2	1	7	1	7	1	3	1	3	1	7	1	2	1	7	1	7	1	3	1	3	1	7	1	2	1	7	1	7	1	3	1	3	1	7	1	2	1	7	1	7	1	3	1	3	1	7	1	2	1	7	1	7	1	3	1	3	1	7	1	2	1	7	1	7	1	3	1	3	1	7	1	2	1	7	1	7	1	3	1	3	1	7	1	2	1	7	1	7	1	3	1	3	1	7	1	10	1	10	1	10	1	10	1	10	1	10	1	10	1	10	1	10
11	1	2	0	2	1	8	1	8	1	4	1	4	1	8	0	2	1	8	1	8	1	4	1	4	1	8	0	2	1	8	1	8	1	4	1	4	1	8	0	2	1	8	1	8	1	4	1	4	1	8	0	2	1	8	1	8	1	4	1	4	1	8	0	2	1	8	1	8	1	4	1	4	1	8	0	2	1	8	1	8	1	4	1	4	1	8	0	2	1	8	1	8	1	4	1	4	1	8	0	2	1	8	1	8	1	4	1	4	1	8	1	11	1	11	1	11	1	11	1	11	1	11	1	11	1	11	1	11
12	1	2	1	3	1	9	1	9	1	4	1	4	1	9	1	3	1	9	1	9	1	4	1	4	1	9	1	3	1	9	1	9	1	4	1	4	1	9	1	3	1	9	1	9	1	4	1	4	1	9	1	3	1	9	1	9	1	4	1	4	1	9	1	3	1	9	1	9	1	4	1	4	1	9	1	3	1	9	1	9	1	4	1	4	1	9	1	3	1	9	1	9	1	4	1	4	1	9	1	3	1	9	1	9	1	4	1	4	1	9	1	12	1	12	1	12	1	12	1	12	1	12	1	12	1	12	1	12
13	1	3	1	3	1	11	1	11	1	5	1	5	1	11	1	3	1	11	1	11	1	5	1	5	1	11	1	3	1	11	1	11	1	5	1	5	1	11	1	3	1	11	1	11	1	5	1	5	1	11	1	3	1	11	1	11	1	5	1	5	1	11	1	3	1	11	1	11	1	5	1	5	1	11	1	3	1	11	1	11	1	5	1	5	1	11	1	3	1	11	1	11	1	5	1	5	1	11	1	3	1	11	1	11	1	5	1	5	1	11	1	14	1	14	1	14	1	14	1	14	1	14	1	14	1	14	1	14
14	1	3	1	4	1	12	1	12	1	6	1	6	1	12	1	4	1	12	1	12	1	6	1	6	1	12	1	4	1	12	1	12	1	6	1	6	1	12	1	4	1	12	1	12	1	6	1	6	1	12	1	4	1	12	1	12	1	6	1	6	1	12	1	4	1	12	1	12	1	6	1	6	1	12	1	4	1	12	1	12	1	6	1	6	1	12	1	4	1	12	1	12	1	6	1	6	1	12	1	4	1	12	1	12	1	6	1	6	1	12	2	16	2	16	2	16	2	16	2	16	2	16	2	16	2	16	2	16
15	1	4	1	4	2	14	2	14	1	7	1	7	2	14	1	4	2	14	2	14	1	7	1	7	2	14	1	4	2	14	2	14	1	7	1	7	2	14	1	4	2	14	2	14	1	7	1	7	2	14	1	4	2	14	2	14	1	7	1	7	2	14	1	4	2	14	2	14	1	7	1	7	2	14	1	4	2	14	2	14	1	7	1	7	2	14	1	4	2	14	2	14	1	7	1	7	2	14	1	4	2	14	2	14	1	7	1	7	2	14	2	19	2	19	2	19	2	19	2	19	2	19	2	19	2	19	2	19
16	1	5	1	5	2	16	2	16	1	8	1	8	2	16	1	5	2	16	2	16	1	8	1	8	2	16	1	5	2	16	2	16	1	8	1	8	2	16	1	5	2	16	2	16	1	8	1	8	2	16	1	5	2	16	2	16	1	8	1	8	2	16	1	5	2	16	2	16	1	8	1	8	2	16	1	5	2	16	2	16	1	8	1	8	2	16	1	5	2	16	2	16	1	8	1	8	2	16	1	5	2	16	2	16	1	8	1	8	2	16	2	22	2	22	2	22	2	22	2	22	2	22	2	22	2	22	2	22
17	1	6	1	6	3	19	3	19	1	9	1	9	3	19	1	6	3	19	3	19	1	9	1	9	3	19	1	6	3	19	3	19	1	9	1	9	3	19	1	6	3	19	3	19	1	9	1	9	3	19	1	6	3	19	3	19	1	9	1	9	3	19	1	6	3	19	3	19	1	9	1	9	3	19	1	6	3	19	3	19	1	9	1	9	3	19	1	6	3	19	3	19	1	9	1	9	3	19	1	6	3	19	3	19	1	9	1	9	3	19	3	25	3	25	3	25	3	25	3	25	3	25	3	25	3	25	3	25
18	1	8	1	7	3	22	3	22	1	11	1	11	3	22	1	7	3	22	3	22	1	11	1	11	3	22	1	7	3	22	3	22	1	11	1	11	3	22	1	7	3	22	3	22	1	11	1	11	3	22	1	7	3	22	3	22	1	11	1	11	3	22	1	7	3	22	3	22	1	11	1	11	3	22	1	7	3	22	3	22	1	11	1	11	3	22	1	7	3	22	3	22	1	11	1	11	3	22	1	7	3	22	3	22	1	11	1	11	3	22	4	30	4	30	4	30	4	30	4	30	4	30	4	30	4	30	4	30
19	2	9	1	8	4	26	4	26	1	13	1	13	4	26	1	8	4	26	4	26	1	13	1	13	4	26	1	8	4	26	4	26	1	13	1	13	4	26	1	8	4	26	4	26	1	13	1	13	4	26	1	8	4	26	4	26	1	13	1	13	4	26	1	8	4	26	4	26	1	13	1	13	4	26	1	8	4	26	4	26	1	13	1	13	4	26	1	8	4	26	4	26	1	13	1	13	4	26	1	8	4	26	4	26	1	13	1	13	4	26	5	35	5	35	5	35	5	35	5	35	5	35	5	35	5	35	5	35
20	2	11	1	10	8	31	8	31	2	15	2	15	8	31	1	10	8	31	8	31	2	15	2	15	8	31	1	10	8	31	8	31	2	15	2	15	8	31	1	10	8	31	8	31	2	15	2	15	8	31	1	10	8	31	8	31	2	15	2	15	8	31	1	10	8	31	8	31	2	15	2	15	8	31	1	10	8	31	8	31	2	15	2	15	8	31	1	10	8	31	8	31	2	15	2	15	8	31	1	10	8	31	8	31	2	15	2	15	8	31	8	42	8	42	8	42	8	42	8	42	8	42	8	42	8	42	8	42
21	2	14	1	12	9	37	9	37	2	18	2	18	9	37	1	12	9	37	9	37	2	18	2	18	9	37	1	12	9	37	9	37	2	18	2	18	9	37	1	12	9	37	9	37	2	18	2	18	9	37	1	12	9	37	9	37	2	18	2	18	9	37	1	12	9	37	9	37	2	18	2	18	9	37	1	12	9	37	9	37	2	18	2	18	9	37	1	12	9	37	9	37	2	18	2	18	9	37	1	12	9	37	9	37	2	18	2	18	9	37	10	50	10	50	10	50	10	50	10	50	10	50	10	50	10	50	10	50
22	3	16	2	14	12	44	12	44	3	22	3	22	12	44	2	14	12	44	12	44	3	22	3	22	12	44	2	14	12	44	12	44	3	22	3	22	12	44	2	14	12	44	12	44	3	22	3	22	12	44	2	14	12	44	12	44	3	22	3	22	12	44	2	14	12	44	12	44	3	22	3	22	12	44	2	14	12	44	12	44	3	22	3	22	12	44	2	14	12	44	12	44	3	22	3	22	12	44	2	14	12	44	12	44	3	22	3	22	12	44	12	59	12	59	12	59	12	59	12	59	12	59	12	59	12	59	12	59
23	4	20	2	17	14	52	14	52	3	26	3	26	14	52	2	17	14	52	14	52	3	26	3	26	14	52	2	17	14	52	14	52	3	26	3	26	14	52	2	17	14	52	14	52	3	26	3	26	14	52	2	17	14	52	14	52	3	26	3	26	14	52	2	17	14	52	14	52	3	26	3	26	14	52	2	17	14	52	14	52	3	26	3	26	14	52	2	17	14	52	14	52	3	26	3	26	14	52	2	17	14	52	14	52	3	26	3	26	14	52	15	69	15	69	15	69	15	69	15	69	15	69	15	69	15	69	15	69
24	4	23	3	20	17	61	17	61	4	30	4	30	17	61	3	20	17	61	17	61	4	30	4	30	17	61	3	20	17	61	17	61	4	30	4	30	17	61	3	20	17	61	17	61	4	30	4	30	17	61	3	20	17	61	17	61	4	30	4	30	17	61	3	20	17	61	17	61	4	30	4	30	17	61	3	20	17	61	17	61	4	30	4	30	17	61	3	20	17	61	17	61	4	30	4	30	17	61	3	20	17	61	17	61	4	30	4	30	17	61	18	81	18	81	18	81	18	81	18	81	18	81	18	81	18	81	18	81
25	5	31	3	23	20	71	20	71	5	35	5	35	20	71	3	23	20	71	20	71	5	35	5	35	20	71	3	23	20	71	20	71	5	35	5	35	20	71	3	23	20	71	20	71	5	35	5	35	20	71	3	23	20	71	20	71	5	35	5	35	20	71	3	23	20	71	20	71	5	35	5	35	20	71	3	23	20	71	20	71	5	35	5	35	20	71	3	23	20	71	20	71	5	35	5	35	20	71	3	23	20	71	20	71	5	35	5	35	20	71	22	95	22	95	22	95	22	95	22	95	22	95	22	95	22	95	22	95
26	6	47	4	28	24	84	24	84	6	42	6	42	24	84	4	28	24	84	24	84	6	42	6	42	24	84	4	28	24	84	24	84	6	42	6	42	24	84	4	28	24	84	24	84	6	42	6	42	24	84	4	28	24	84	24	84	6	42	6	42	24	84	4	28	24	84	24	84	6	42	6	42	24	84	4	28	24	84	24	84	6	42	6	42	24	84	4	28	24	84	24	84	6	42	6	42	24	84	4	28	24	84	24	84	6	42	6	42	24	84	26	112	26	112	26	112	26	112	26	112	26	112	26	112	26	112	26	112
27	7	63	5	32	29	98	29	98	7	49	7	49	29	98	5	32	29	98	29	98	7	49	7	49	29	98	5	32	29	98	29	98	7	49	7	49	29	98	5	32	29	98	29	98	7	49	7	49	29	98	5	32	29	98	29	98	7	49	7	49	29	98	5	32	29	98	29	98	7	49	7	49	29	98	5	32	29	98	29	98	7	49	7	49	29	98	5	32	29	98	29	98	7	49	7	49	29	98	5	32	29	98	29	98	7	49	7	49	29	98	31	131	31	131	31	131	31	131	31	131	31	131	31	131	31	131	31	131
28	8	81	6	37	33	113	33	113	9	56	9	56	33	113	6	37	33	113	33	113	9	56	9	56	33	113	6	37	33	113	33	113	9	56	9	56	33	113	6	37	33	113	33	113	9	56	9	56	33	113	6	37	33	113	33	113	9	56	9	56	33	113	6	37	33	113	33	113	9	56	9	56	33	113	6	37	33	113	33	113	9	56	9	56	33	113	6	37	33	113	33	113	9	56	9	56	33	113	6	37	33	113	33	113	9	56	9	56	33	113	36	151	36	151	36	151	36	151	36	151	36	151	36	151	36	151	36	151
29	8	133	7	43	39	130	39	130	10	65	10	65	39	130	7	43	39	130	39	130	10	65	10	65	39	130	7	43	39	130	39	130	10	65	10	65	39	130	7	43	39	130	39	130	10	65	10	65	39	130	7	43	39	130	39	130	10	65	10	65	39	130	7	43	39	130	39	130	10	65	10	65	39	130	7	43	39	130	39	130	10	65	10	65	39	130	7	43	39	130	39	130	10	65	10	65	39	130	7	43	39	130	39	130	10	65	10	65	39	130	42	174	42	174	42	174	42	174	42	174	42	174	42	174	42	174	42	174
30	8	148	7	51	42	154	42	154	11	77	11	77	42	154	7	51	42	154	42	154	11	77	11	77	42	154	7	51	42	154	42	154	11	77	11	77	42	154	7	51	42	154	42	154	11	77	11	77	42	154	7	51	42	154	42	154	11	77	11	77	42	154	7	51	42	154	42	154	11	77	11	77	42	154	7	51	42	154	42	154	11	77	11	77	42	154	7	51	42	154	42	154	11	77	11	77	42	154	7	51	42	154	42	154	11	77	11	77	42	154	45	206	45	206	45	206	45	206	45	206	45	206	45	206	45	206	45	206
31	9	164	8	60	47	180	47	180	12	90	12	90	47	180	8	60	47	180	47	180	12	90	12	90	47	180	8	60	47	180	47	180	12	90	12	90	47	180	8	60	47	180	47	180	12	90	12	90	47	180	8	60	47	180	47	180	12	90	12	90	47	180	8	60	47	180	47	180	12	90	12	90	47	180	8	60	47	180	47	180	12	90	12	90	47	180	8	60	47	180	47	180	12	90	12	90	47	180	8	60	47	180	47	180	12	90	12	90	47	180	50	240	50	240	50	240	50	240	50	240	50	240	50	240	50	240	50	240
32	11	181	9	69	52	208	52	208	14	104	14	104	52	208	9	69	52	208	52	208	14	104	14	104	52	208	9	69	52	208	52	208	14	104	14	104	52	208	9	69	52	208	52	208	14	104	14	104	52	208	9	69	52	208	52	208	14	104	14	104	52	208	9	69	52	208	52	208	14	104	14	104	52	208	9	69	52	208	52	208	14	104	14	104	52	208	9	69	52	208	52	208	14	104	14	104	52	208	9	69	52	208	52	208	14	104	14	104	52	208	56	277	56	277	56	277	56	277	56	277	56	277	56	277	56	277	56	277
33	12	198	10	79	58	238	58	238	15	119	15	119	58	238	10	79	58	238	58	238	15	119	15	119	58	238	10	79	58	238	58	238	15	119	15	119	58	238	10	79	58	238	58	238	15	119	15	119	58	238	10	79	58	238	58	238	15	119	15	119	58	238	10	79	58	238	58	238	15	119	15	119	58	238	10	79	58	238	58	238	15	119	15	119	58	238	10	79	58	238	58	238	15	119	15	119	58	238	10	79	58	238	58	238	15	119	15	119	58	238	62	317	62	317	62	317	62	317	62	317	62	317	62	317	62	317	62	317
34	13	217	11	90	64	270	64	270	17	135	17	135	64	270	11	90	64	270	64	270	17	135	17	135	64	270	11	90	64	270	64	270	17	135	17	135	64	270	11	90	64	270	64	270	17	135	17	135	64	270	11	90	64	270	64	270	17	135	17	135	64	270	11	90	64	270	64	270	17	135	17	135	64	270	11	90	64	270	64	270	17	135	17	135	64	270	11	90	64	270	64	270	17	135	17	135	64	270	11	90	64	270	64	270	17	135	17	135	64	270	68	360	68	360	68	360	68	360	68	360	68	360	68	360	68	360	68	360
35	15	238	12	101	70	304	70	304	18	152	18	152	70	304	12	101	70	304	70	304	18	152	18	152	70	304	12	101	70	304	70	304	18	152	18	152	70	304	12	101	70	304	70	304	18	152	18	152	70	304	12	101	70	304	70	304	18	152	18	152	70	304	12	101	70	304	70	304	18	152	18	152	70	304	12	101	70	304	70	304	18	152	18	152	70	304	12	101	70	304	70	304	18	152	18	152	70	304	12	101	70	304	70	304	18	152	18	152	70	304	75	405	75	405	75	405	75	405	75	405	75	405	75	405	75	405	75	405
36	16	259	13	113	77	341	77	341	20	170	20	170	77	341	13	113	77	341	77	341	20	170	20	170	77	341	13	113	77	341	77	341	20	170	20	170	77	341	13	113	77	341	77	341	20	170	20	170	77	341	13	113	77	341	77	341	20	170	20	170	77	341	13	113	77	341	77	341	20	170	20	170	77	341	13	113	77	341	77	341	20	170	20	170	77	341	13	113	77	341	77	341	20	170	20	170	77	341	13	113	77	341	77	341	20	170	20	170	77	341	83	454	83	454	83	454	83	454	83	454	83	454	83	454	83	454	83	454
37	18	282	15	126	85	380	85	380	22	190	22	190	85	380	15	126	85	380	85	380	22	190	22	190	85	380	15	126	85	380	85	380	22	190	22	190	85	380	15	126	85	380	85	380	22	190	22	190	85	380	15	126	85	380	85	380	22	190	22	190	85	380	15	126	85	380	85	380	22	190	22	190	85	380	15	126	85	380	85	380	22	190	22	190	85	380	15	126	85	380	85	380	22	190	22	190	85	380	15	126	85	380	85	380	22	190	22	190	85	380	91	506	91	506	91	506	91	506	91	506	91	506	91	506	91	506	91	506
38	19	306	16	140	93	421	93	421	25	210	25	210	93	421	16	140	93	421	93	421	25	210	25	210	93	421	16	140	93	421	93	421	25	210	25	210	93	421	16	140	93	421	93	421	25	210	25	210	93	421	16	140	93	421	93	421	25	210	25	210	93	421	16	140	93	421	93	421	25	210	25	210	93	421	16	140	93	421	93	421	25	210	25	210	93	421	16	140	93	421	93	421	25	210	25	210	93	421	16	140	93	421	93	421	25	210	25	210	93	421	100	561	100	561	100	561	100	561	100	561	100	561	100	561	100	561	100	561
39	21	331	18	155	102	465	102	465	27	232	27	232	102	465	18	155	102	465	102	465	27	232	27	232	102	465	18	155	102	465	102	465	27	232	27	232	102	465	18	155	102	465	102	465	27	232	27	232	102	465	18	155	102	465	102	465	27	232	27	232	102	465	18	155	102	465	102	465	27	232	27	232	102	465	18	155	102	465	102	465	27	232	27	232	102	465	18	155	102	465	102	465	27	232	27	232	102	465	18	155	102	465	102	465	27	232	27	232	102	465	109	620	109	620	109	620	109	620	109	620	109	620	109	620	109	620	109	620
40	29	358	19	170	111	512	111	512	29	256	29	256	111	512	19	170	111	512	111	512	29	256	29	256	111	512	19	170	111	512	111	512	29	256	29	256	111	512	19	170	111	512	111	512	29	256	29	256	111	512	19	170	111	512	111	512	29	256	29	256	111	512	19	170	111	512	111	512	29	256	29	256	111	512	19	170	111	512	111	512	29	256	29	256	111	512	19	170	111	512	111	512	29	256	29	256	111	512	19	170	111	512	111	512	29	256	29	256	111	512	119	683	119	683	119	683	119	683	119	683	119	683	119	683	119	683	119	683
41	32	387	27	187	151	562	151	562	40	281	40	281	151	562	27	187	151	562	151	562	40	281	40	281	151	562	27	187	151	562	151	562	40	281	40	281	151	562	27	187	151	562	151	562	40	281	40	281	151	562	27	187	151	562	151	562	40	281	40	281	151	562	27	187	151	562	151	562	40	281	40	281	151	562	27	187	151	562	151	562	40	281	40	281	151	562	27	187	151	562	151	562	40	281	40	281	151	562	27	187	151	562	151	562	40	281	40	281	151	562	162	749	162	749	162	749	162	749	162	749	162	749	162	749	162	749	162	749
42	35	417	29	205	164	615	164	615	44	307	44	307	164	615	29	205	164	615	164	615	44	307	44	307	164	615	29	205	164	615	164	615	44	307	44	307	164	615	29	205	164	615	164	615	44	307	44	307	164	615	29	205	164	615	164	615	44	307	44	307	164	615	29	205	164	615	164	615	44	307	44	307	164	615	29	205	164	615	164	615	44	307	44	307	164	615	29	205	164	615	164	615	44	307	44	307	164	615	29	205	164	615	164	615	44	307	44	307	164	615	176	821	176	821	176	821	176	821	176	821	176	821	176	821	176	821	176	821
43	37	450	31	224	178	672	178	672	47	336	47	336	178	672	31	224	178	672	178	672	47	336	47	336	178	672	31	224	178	672	178	672	47	336	47	336	178	672	31	224	178	672	178	672	47	336	47	336	178	672	31	224	178	672	178	672	47	336	47	336	178	672	31	224	178	672	178	672	47	336	47	336	178	672	31	224	178	672	178	672	47	336	47	336	178	672	31	224	178	672	178	672	47	336	47	336	178	672	31	224	178	672	178	672	47	336	47	336	178	672	191	896	191	896	191	896	191	896	191	896	191	896	191	896	191	896	191	896
44	41	484	34	244	193	732	193	732	51	366	51	366	193	732	34	244	193	732	193	732	51	366	51	366	193	732	34	244	193	732	193	732	51	366	51	366	193	732	34	244	193	732	193	732	51	366	51	366	193	732	34	244	193	732	193	732	51	366	51	366	193	732	34	244	193	732	193	732	51	366	51	366	193	732	34	244	193	732	193	732	51	366	51	366	193	732	34	244	193	732	193	732	51	366	51	366	193	732	34	244	193	732	193	732	51	366	51	366	193	732	206	977	206	977	206	977	206	977	206	977	206	977	206	977	206	977	206	977
45	44	520	37	265	208	796	208	796	55	398	55	398	208	796	37	265	208	796	208	796	55	398	55	398	208	796	37	265	208	796	208	796	55	398	55	398	208	796	37	265	208	796	208	796	55	398	55	398	208	796	37	265	208	796	208	796	55	398	55	398	208	796	37	265	208	796	208	796	55	398	55	398	208	796	37	265	208	796	208	796	55	398	55	398	208	796	37	265	208	796	208	796	55	398	55	398	208	796	37	265	208	796	208	796	55	398	55	398	208	796	223	1062	223	1062	223	1062	223	1062	223	1062	223	1062	223	1062	223	1062	223	1062
46	47	558	40	288	225	864	225	864	60	432	60	432	225	864	40	288	225	864	225	864	60	432	60	432	225	864	40	288	225	864	225	864	60	432	60	432	225	864	40	288	225	864	225	864	60	432	60	432	225	864	40	288	225	864	225	864	60	432	60	432	225	864	40	288	225	864	225	864	60	432	60	432	225	864	40	288	225	864	225	864	60	432	60	432	225	864	40	288	225	864	225	864	60	432	60	432	225	864	40	288	225	864	225	864	60	432	60	432	225	864	241	1152	241	1152	241	1152	241	1152	241	1152	241	1152	241	1152	241	1152	241	1152
47	51	597	43	311	243	935	243	935	65	467	65	467	243	935	43	311	243	935	243	935	65	467	65	467	243	935	43	311	243	935	243	935	65	467	65	467	243	935	43	311	243	935	243	935	65	467	65	467	243	935	43	311	243	935	243	935	65	467	65	467	243	935	43	311	243	935	243	935	65	467	65	467	243	935	43	311	243	935	243	935	65	467	65	467	243	935	43	311	243	935	243	935	65	467	65	467	243	935	43	311	243	935	243	935	65	467	65	467	243	935	260	1246	260	1246	260	1246	260	1246	260	1246	260	1246	260	1246	260	1246	260	1246
48	55	639	46	336	261	1010	261	1010	70	505	70	505	261	1010	46	336	261	1010	261	1010	70	505	70	505	261	1010	46	336	261	1010	261	1010	70	505	70	505	261	1010	46	336	261	1010	261	1010	70	505	70	505	261	1010	46	336	261	1010	261	1010	70	505	70	505	261	1010	46	336	261	1010	261	1010	70	505	70	505	261	1010	46	336	261	1010	261	1010	70	505	70	505	261	1010	46	336	261	1010	261	1010	70	505	70	505	261	1010	46	336	261	1010	261	1010	70	505	70	505	261	1010	280	1347	280	1347	280	1347	280	1347	280	1347	280	1347	280	1347	280	1347	280	1347
49	59	684	50	363	281	1089	281	1089	75	544	75	544	281	1089	50	363	281	1089	281	1089	75	544	75	544	281	1089	50	363	281	1089	281	1089	75	544	75	544	281	1089	50	363	281	1089	281	1089	75	544	75	544	281	1089	50	363	281	1089	281	1089	75	544	75	544	281	1089	50	363	281	1089	281	1089	75	544	75	544	281	1089	50	363	281	1089	281	1089	75	544	75	544	281	1089	50	363	281	1089	281	1089	75	544	75	544	281	1089	50	363	281	1089	281	1089	75	544	75	544	281	1089	301	1452	301	1452	301	1452	301	1452	301	1452	301	1452	301	1452	301	1452	301	1452
50	63	730	56	390	318	1172	318	1172	85	586	85	586	318	1172	56	390	318	1172	318	1172	85	586	85	586	318	1172	56	390	318	1172	318	1172	85	586	85	586	318	1172	56	390	318	1172	318	1172	85	586	85	586	318	1172	56	390	318	1172	318	1172	85	586	85	586	318	1172	56	390	318	1172	318	1172	85	586	85	586	318	1172	56	390	318	1172	318	1172	85	586	85	586	318	1172	56	390	318	1172	318	1172	85	586	85	586	318	1172	56	390	318	1172	318	1172	85	586	85	586	318	1172	341	1563	341	1563	341	1563	341	1563	341	1563	341	1563	341	1563	341	1563	341	1563
51	68	778	58	419	326	1259	326	1259	87	629	87	629	326	1259	58	419	326	1259	326	1259	87	629	87	629	326	1259	58	419	326	1259	326	1259	87	629	87	629	326	1259	58	419	326	1259	326	1259	87	629	87	629	326	1259	58	419	326	1259	326	1259	87	629	87	629	326	1259	58	419	326	1259	326	1259	87	629	87	629	326	1259	58	419	326	1259	326	1259	87	629	87	629	326	1259	58	419	326	1259	326	1259	87	629	87	629	326	1259	58	419	326	1259	326	1259	87	629	87	629	326	1259	349	1679	349	1679	349	1679	349	1679	349	1679	349	1679	349	1679	349	1679	349	1679
52	73	829	61	450	343	1351	343	1351	92	675	92	675	343	1351	61	450	343	1351	343	1351	92	675	92	675	343	1351	61	450	343	1351	343	1351	92	675	92	675	343	1351	61	450	343	1351	343	1351	92	675	92	675	343	1351	61	450	343	1351	343	1351	92	675	92	675	343	1351	61	450	343	1351	343	1351	92	675	92	675	343	1351	61	450	343	1351	343	1351	92	675	92	675	343	1351	61	450	343	1351	343	1351	92	675	92	675	343	1351	61	450	343	1351	343	1351	92	675	92	675	343	1351	368	1801	368	1801	368	1801	368	1801	368	1801	368	1801	368	1801	368	1801	368	1801
53	78	882	64	482	363	1447	363	1447	97	723	97	723	363	1447	64	482	363	1447	363	1447	97	723	97	723	363	1447	64	482	363	1447	363	1447	97	723	97	723	363	1447	64	482	363	1447	363	1447	97	723	97	723	363	1447	64	482	363	1447	363	1447	97	723	97	723	363	1447	64	482	363	1447	363	1447	97	723	97	723	363	1447	64	482	363	1447	363	1447	97	723	97	723	363	1447	64	482	363	1447	363	1447	97	723	97	723	363	1447	64	482	363	1447	363	1447	97	723	97	723	363	1447	389	1929	389	1929	389	1929	389	1929	389	1929	389	1929	389	1929	389	1929	389	1929
54	83	938	70	515	392	1547	392	1547	105	773	105	773	392	1547	70	515	392	1547	392	1547	105	773	105	773	392	1547	70	515	392	1547	392	1547	105	773	105	773	392	1547	70	515	392	1547	392	1547	105	773	105	773	392	1547	70	515	392	1547	392	1547	105	773	105	773	392	1547	70	515	392	1547	392	1547	105	773	105	773	392	1547	70	515	392	1547	392	1547	105	773	105	773	392	1547	70	515	392	1547	392	1547	105	773	105	773	392	1547	70	515	392	1547	392	1547	105	773	105	773	392	1547	420	2063	420	2063	420	2063	420	2063	420	2063	420	2063	420	2063	420	2063	420	2063
55	89	996	73	550	409	1652	409	1652	109	826	109	826	409	1652	73	550	409	1652	409	1652	109	826	109	826	409	1652	73	550	409	1652	409	1652	109	826	109	826	409	1652	73	550	409	1652	409	1652	109	826	109	826	409	1652	73	550	409	1652	409	1652	109	826	109	826	409	1652	73	550	409	1652	409	1652	109	826	109	826	409	1652	73	550	409	1652	409	1652	109	826	109	826	409	1652	73	550	409	1652	409	1652	109	826	109	826	409	1652	73	550	409	1652	409	1652	109	826	109	826	409	1652	438	2203	438	2203	438	2203	438	2203	438	2203	438	2203	438	2203	438	2203	438	2203
56	94	1056	76	587	429	1762	429	1762	114	881	114	881	429	1762	76	587	429	1762	429	1762	114	881	114	881	429	1762	76	587	429	1762	429	1762	114	881	114	881	429	1762	76	587	429	1762	429	1762	114	881	114	881	429	1762	76	587	429	1762	429	1762	114	881	114	881	429	1762	76	587	429	1762	429	1762	114	881	114	881	429	1762	76	587	429	1762	429	1762	114	881	114	881	429	1762	76	587	429	1762	429	1762	114	881	114	881	429	1762	76	587	429	1762	429	1762	114	881	114	881	429	1762	459	2349	459	2349	459	2349	459	2349	459	2349	459	2349	459	2349	459	2349	459	2349
57	100	1119	80	625	451	1876	451	1876	120	938	120	938	451	1876	80	625	451	1876	451	1876	120	938	120	938	451	1876	80	625	451	1876	451	1876	120	938	120	938	451	1876	80	625	451	1876	451	1876	120	938	120	938	451	1876	80	625	451	1876	451	1876	120	938	120	938	451	1876	80	625	451	1876	451	1876	120	938	120	938	451	1876	80	625	451	1876	451	1876	120	938	120	938	451	1876	80	625	451	1876	451	1876	120	938	120	938	451	1876	80	625	451	1876	451	1876	120	938	120	938	451	1876	483	2502	483	2502	483	2502	483	2502	483	2502	483	2502	483	2502	483	2502	483	2502
58	107	1185	84	665	475	1996	475	1996	127	998	127	998	475	1996	84	665	475	1996	475	1996	127	998	127	998	475	1996	84	665	475	1996	475	1996	127	998	127	998	475	1996	84	665	475	1996	475	1996	127	998	127	998	475	1996	84	665	475	1996	475	1996	127	998	127	998	475	1996	84	665	475	1996	475	1996	127	998	127	998	475	1996	84	665	475	1996	475	1996	127	998	127	998	475	1996	84	665	475	1996	475	1996	127	998	127	998	475	1996	84	665	475	1996	475	1996	127	998	127	998	475	1996	509	2661	509	2661	509	2661	509	2661	509	2661	509	2661	509	2661	509	2661	509	2661
59	113	1253	89	706	502	2120	502	2120	134	1060	134	1060	502	2120	89	706	502	2120	502	2120	134	1060	134	1060	502	2120	89	706	502	2120	502	2120	134	1060	134	1060	502	2120	89	706	502	2120	502	2120	134	1060	134	1060	502	2120	89	706	502	2120	502	2120	134	1060	134	1060	502	2120	89	706	502	2120	502	2120	134	1060	134	1060	502	2120	89	706	502	2120	502	2120	134	1060	134	1060	502	2120	89	706	502	2120	502	2120	134	1060	134	1060	502	2120	89	706	502	2120	502	2120	134	1060	134	1060	502	2120	537	2827	537	2827	537	2827	537	2827	537	2827	537	2827	537	2827	537	2827	537	2827
60	120	1324	94	750	531	2250	531	2250	142	1125	142	1125	531	2250	94	750	531	2250	531	2250	142	1125	142	1125	531	2250	94	750	531	2250	531	2250	142	1125	142	1125	531	2250	94	750	531	2250	531	2250	142	1125	142	1125	531	2250	94	750	531	2250	531	2250	142	1125	142	1125	531	2250	94	750	531	2250	531	2250	142	1125	142	1125	531	2250	94	750	531	2250	531	2250	142	1125	142	1125	531	2250	94	750	531	2250	531	2250	142	1125	142	1125	531	2250	94	750	531	2250	531	2250	142	1125	142	1125	531	2250	568	3000	568	3000	568	3000	568	3000	568	3000	568	3000	568	3000	568	3000	568	3000
61	128	1398	100	794	562	2384	562	2384	150	1192	150	1192	562	2384	100	794	562	2384	562	2384	150	1192	150	1192	562	2384	100	794	562	2384	562	2384	150	1192	150	1192	562	2384	100	794	562	2384	562	2384	150	1192	150	1192	562	2384	100	794	562	2384	562	2384	150	1192	150	1192	562	2384	100	794	562	2384	562	2384	150	1192	150	1192	562	2384	100	794	562	2384	562	2384	150	1192	150	1192	562	2384	100	794	562	2384	562	2384	150	1192	150	1192	562	2384	100	794	562	2384	562	2384	150	1192	150	1192	562	2384	602	3179	602	3179	602	3179	602	3179	602	3179	602	3179	602	3179	602	3179	602	3179
62	135	1474	106	841	595	2524	595	2524	159	1262	159	1262	595	2524	106	841	595	2524	595	2524	159	1262	159	1262	595	2524	106	841	595	2524	595	2524	159	1262	159	1262	595	2524	106	841	595	2524	595	2524	159	1262	159	1262	595	2524	106	841	595	2524	595	2524	159	1262	159	1262	595	2524	106	841	595	2524	595	2524	159	1262	159	1262	595	2524	106	841	595	2524	595	2524	159	1262	159	1262	595	2524	106	841	595	2524	595	2524	159	1262	159	1262	595	2524	106	841	595	2524	595	2524	159	1262	159	1262	595	2524	638	3366	638	3366	638	3366	638	3366	638	3366	638	3366	638	3366	638	3366	638	3366
63	143	1554	112	889	631	2669	631	2669	169	1334	169	1334	631	2669	112	889	631	2669	631	2669	169	1334	169	1334	631	2669	112	889	631	2669	631	2669	169	1334	169	1334	631	2669	112	889	631	2669	631	2669	169	1334	169	1334	631	2669	112	889	631	2669	631	2669	169	1334	169	1334	631	2669	112	889	631	2669	631	2669	169	1334	169	1334	631	2669	112	889	631	2669	631	2669	169	1334	169	1334	631	2669	112	889	631	2669	631	2669	169	1334	169	1334	631	2669	112	889	631	2669	631	2669	169	1334	169	1334	631	2669	676	3559	676	3559	676	3559	676	3559	676	3559	676	3559	676	3559	676	3559	676	3559
64	151	1636	119	940	669	2820	669	2820	179	1410	179	1410	669	2820	119	940	669	2820	669	2820	179	1410	179	1410	669	2820	119	940	669	2820	669	2820	179	1410	179	1410	669	2820	119	940	669	2820	669	2820	179	1410	179	1410	669	2820	119	940	669	2820	669	2820	179	1410	179	1410	669	2820	119	940	669	2820	669	2820	179	1410	179	1410	669	2820	119	940	669	2820	669	2820	179	1410	179	1410	669	2820	119	940	669	2820	669	2820	179	1410	179	1410	669	2820	119	940	669	2820	669	2820	179	1410	179	1410	669	2820	717	3760	717	3760	717	3760	717	3760	717	3760	717	3760	717	3760	717	3760	717	3760
65	159	1721	126	992	710	2976	710	2976	190	1488	190	1488	710	2976	126	992	710	2976	710	2976	190	1488	190	1488	710	2976	126	992	710	2976	710	2976	190	1488	190	1488	710	2976	126	992	710	2976	710	2976	190	1488	190	1488	710	2976	126	992	710	2976	710	2976	190	1488	190	1488	710	2976	126	992	710	2976	710	2976	190	1488	190	1488	710	2976	126	992	710	2976	710	2976	190	1488	190	1488	710	2976	126	992	710	2976	710	2976	190	1488	190	1488	710	2976	126	992	710	2976	710	2976	190	1488	190	1488	710	2976	761	3969	761	3969	761	3969	761	3969	761	3969	761	3969	761	3969	761	3969	761	3969
66	168	1810	134	1048	753	3146	753	3146	201	1573	201	1573	753	3146	134	1048	753	3146	753	3146	201	1573	201	1573	753	3146	134	1048	753	3146	753	3146	201	1573	201	1573	753	3146	134	1048	753	3146	753	3146	201	1573	201	1573	753	3146	134	1048	753	3146	753	3146	201	1573	201	1573	753	3146	134	1048	753	3146	753	3146	201	1573	201	1573	753	3146	134	1048	753	3146	753	3146	201	1573	201	1573	753	3146	134	1048	753	3146	753	3146	201	1573	201	1573	753	3146	134	1048	753	3146	753	3146	201	1573	201	1573	753	3146	807	4194	807	4194	807	4194	807	4194	807	4194	807	4194	807	4194	807	4194	807	4194
67	177	1901	142	1111	798	3334	798	3334	213	1667	213	1667	798	3334	142	1111	798	3334	798	3334	213	1667	213	1667	798	3334	142	1111	798	3334	798	3334	213	1667	213	1667	798	3334	142	1111	798	3334	798	3334	213	1667	213	1667	798	3334	142	1111	798	3334	798	3334	213	1667	213	1667	798	3334	142	1111	798	3334	798	3334	213	1667	213	1667	798	3334	142	1111	798	3334	798	3334	213	1667	213	1667	798	3334	142	1111	798	3334	798	3334	213	1667	213	1667	798	3334	142	1111	798	3334	798	3334	213	1667	213	1667	798	3334	855	4446	855	4446	855	4446	855	4446	855	4446	855	4446	855	4446	855	4446	855	4446
68	187	1996	151	1181	846	3543	846	3543	226	1771	226	1771	846	3543	151	1181	846	3543	846	3543	226	1771	226	1771	846	3543	151	1181	846	3543	846	3543	226	1771	226	1771	846	3543	151	1181	846	3543	846	3543	226	1771	226	1771	846	3543	151	1181	846	3543	846	3543	226	1771	226	1771	846	3543	151	1181	846	3543	846	3543	226	1771	226	1771	846	3543	151	1181	846	3543	846	3543	226	1771	226	1771	846	3543	151	1181	846	3543	846	3543	226	1771	226	1771	846	3543	151	1181	846	3543	846	3543	226	1771	226	1771	846	3543	906	4725	906	4725	906	4725	906	4725	906	4725	906	4725	906	4725	906	4725	906	4725
69	197	2094	159	1257	895	3773	895	3773	239	1886	239	1886	895	3773	159	1257	895	3773	895	3773	239	1886	239	1886	895	3773	159	1257	895	3773	895	3773	239	1886	239	1886	895	3773	159	1257	895	3773	895	3773	239	1886	239	1886	895	3773	159	1257	895	3773	895	3773	239	1886	239	1886	895	3773	159	1257	895	3773	895	3773	239	1886	239	1886	895	3773	159	1257	895	3773	895	3773	239	1886	239	1886	895	3773	159	1257	895	3773	895	3773	239	1886	239	1886	895	3773	159	1257	895	3773	895	3773	239	1886	239	1886	895	3773	959	5031	959	5031	959	5031	959	5031	959	5031	959	5031	959	5031	959	5031	959	5031
70	207	2193	169	1341	948	4025	948	4025	253	2012	253	2012	948	4025	169	1341	948	4025	948	4025	253	2012	253	2012	948	4025	169	1341	948	4025	948	4025	253	2012	253	2012	948	4025	169	1341	948	4025	948	4025	253	2012	253	2012	948	4025	169	1341	948	4025	948	4025	253	2012	253	2012	948	4025	169	1341	948	4025	948	4025	253	2012	253	2012	948	4025	169	1341	948	4025	948	4025	253	2012	253	2012	948	4025	169	1341	948	4025	948	4025	253	2012	253	2012	948	4025	169	1341	948	4025	948	4025	253	2012	253	2012	948	4025	1015	5366	1015	5366	1015	5366	1015	5366	1015	5366	1015	5366	1015	5366	1015	5366	1015	5366
71	217	2295	179	1432	1002	4298	1002	4298	268	2149	268	2149	1002	4298	179	1432	1002	4298	1002	4298	268	2149	268	2149	1002	4298	179	1432	1002	4298	1002	4298	268	2149	268	2149	1002	4298	179	1432	1002	4298	1002	4298	268	2149	268	2149	1002	4298	179	1432	1002	4298	1002	4298	268	2149	268	2149	1002	4298	179	1432	1002	4298	1002	4298	268	2149	268	2149	1002	4298	179	1432	1002	4298	1002	4298	268	2149	268	2149	1002	4298	179	1432	1002	4298	1002	4298	268	2149	268	2149	1002	4298	179	1432	1002	4298	1002	4298	268	2149	268	2149	1002	4298	1074	5731	1074	5731	1074	5731	1074	5731	1074	5731	1074	5731	1074	5731	1074	5731	1074	5731
72	228	2399	189	1531	1059	4595	1059	4595	283	2297	283	2297	1059	4595	189	1531	1059	4595	1059	4595	283	2297	283	2297	1059	4595	189	1531	1059	4595	1059	4595	283	2297	283	2297	1059	4595	189	1531	1059	4595	1059	4595	283	2297	283	2297	1059	4595	189	1531	1059	4595	1059	4595	283	2297	283	2297	1059	4595	189	1531	1059	4595	1059	4595	283	2297	283	2297	1059	4595	189	1531	1059	4595	1059	4595	283	2297	283	2297	1059	4595	189	1531	1059	4595	1059	4595	283	2297	283	2297	1059	4595	189	1531	1059	4595	1059	4595	283	2297	283	2297	1059	4595	1135	6127	1135	6127	1135	6127	1135	6127	1135	6127	1135	6127	1135	6127	1135	6127	1135	6127
73	239	2504	199	1638	1118	4915	1118	4915	299	2457	299	2457	1118	4915	199	1638	1118	4915	1118	4915	299	2457	299	2457	1118	4915	199	1638	1118	4915	1118	4915	299	2457	299	2457	1118	4915	199	1638	1118	4915	1118	4915	299	2457	299	2457	1118	4915	199	1638	1118	4915	1118	4915	299	2457	299	2457	1118	4915	199	1638	1118	4915	1118	4915	299	2457	299	2457	1118	4915	199	1638	1118	4915	1118	4915	299	2457	299	2457	1118	4915	199	1638	1118	4915	1118	4915	299	2457	299	2457	1118	4915	199	1638	1118	4915	1118	4915	299	2457	299	2457	1118	4915	1198	6554	1198	6554	1198	6554	1198	6554	1198	6554	1198	6554	1198	6554	1198	6554	1198	6554
74	251	2611	210	1753	1180	5260	1180	5260	316	2630	316	2630	1180	5260	210	1753	1180	5260	1180	5260	316	2630	316	2630	1180	5260	210	1753	1180	5260	1180	5260	316	2630	316	2630	1180	5260	210	1753	1180	5260	1180	5260	316	2630	316	2630	1180	5260	210	1753	1180	5260	1180	5260	316	2630	316	2630	1180	5260	210	1753	1180	5260	1180	5260	316	2630	316	2630	1180	5260	210	1753	1180	5260	1180	5260	316	2630	316	2630	1180	5260	210	1753	1180	5260	1180	5260	316	2630	316	2630	1180	5260	210	1753	1180	5260	1180	5260	316	2630	316	2630	1180	5260	1264	7014	1264	7014	1264	7014	1264	7014	1264	7014	1264	7014	1264	7014	1264	7014	1264	7014
75	262	2721	222	1882	1243	5648	1243	5648	333	2824	333	2824	1243	5648	222	1882	1243	5648	1243	5648	333	2824	333	2824	1243	5648	222	1882	1243	5648	1243	5648	333	2824	333	2824	1243	5648	222	1882	1243	5648	1243	5648	333	2824	333	2824	1243	5648	222	1882	1243	5648	1243	5648	333	2824	333	2824	1243	5648	222	1882	1243	5648	1243	5648	333	2824	333	2824	1243	5648	222	1882	1243	5648	1243	5648	333	2824	333	2824	1243	5648	222	1882	1243	5648	1243	5648	333	2824	333	2824	1243	5648	222	1882	1243	5648	1243	5648	333	2824	333	2824	1243	5648	1332	7530	1332	7530	1332	7530	1332	7530	1332	7530	1332	7530	1332	7530	1332	7530	1332	7530
76	274	2832	233	2026	1310	6079	1310	6079	350	3039	350	3039	1310	6079	233	2026	1310	6079	1310	6079	350	3039	350	3039	1310	6079	233	2026	1310	6079	1310	6079	350	3039	350	3039	1310	6079	233	2026	1310	6079	1310	6079	350	3039	350	3039	1310	6079	233	2026	1310	6079	1310	6079	350	3039	350	3039	1310	6079	233	2026	1310	6079	1310	6079	350	3039	350	3039	1310	6079	233	2026	1310	6079	1310	6079	350	3039	350	3039	1310	6079	233	2026	1310	6079	1310	6079	350	3039	350	3039	1310	6079	233	2026	1310	6079	1310	6079	350	3039	350	3039	1310	6079	1403	8106	1403	8106	1403	8106	1403	8106	1403	8106	1403	8106	1403	8106	1403	8106	1403	8106
77	286	2945	246	2185	1378	6556	1378	6556	369	3278	369	3278	1378	6556	246	2185	1378	6556	1378	6556	369	3278	369	3278	1378	6556	246	2185	1378	6556	1378	6556	369	3278	369	3278	1378	6556	246	2185	1378	6556	1378	6556	369	3278	369	3278	1378	6556	246	2185	1378	6556	1378	6556	369	3278	369	3278	1378	6556	246	2185	1378	6556	1378	6556	369	3278	369	3278	1378	6556	246	2185	1378	6556	1378	6556	369	3278	369	3278	1378	6556	246	2185	1378	6556	1378	6556	369	3278	369	3278	1378	6556	246	2185	1378	6556	1378	6556	369	3278	369	3278	1378	6556	1476	8741	1476	8741	1476	8741	1476	8741	1476	8741	1476	8741	1476	8741	1476	8741	1476	8741
78	298	3060	258	2360	1449	7080	1449	7080	388	3540	388	3540	1449	7080	258	2360	1449	7080	1449	7080	388	3540	388	3540	1449	7080	258	2360	1449	7080	1449	7080	388	3540	388	3540	1449	7080	258	2360	1449	7080	1449	7080	388	3540	388	3540	1449	7080	258	2360	1449	7080	1449	7080	388	3540	388	3540	1449	7080	258	2360	1449	7080	1449	7080	388	3540	388	3540	1449	7080	258	2360	1449	7080	1449	7080	388	3540	388	3540	1449	7080	258	2360	1449	7080	1449	7080	388	3540	388	3540	1449	7080	258	2360	1449	7080	1449	7080	388	3540	388	3540	1449	7080	1552	9440	1552	9440	1552	9440	1552	9440	1552	9440	1552	9440	1552	9440	1552	9440	1552	9440
79	311	3177	271	2550	1522	7652	1522	7652	407	3826	407	3826	1522	7652	271	2550	1522	7652	1522	7652	407	3826	407	3826	1522	7652	271	2550	1522	7652	1522	7652	407	3826	407	3826	1522	7652	271	2550	1522	7652	1522	7652	407	3826	407	3826	1522	7652	271	2550	1522	7652	1522	7652	407	3826	407	3826	1522	7652	271	2550	1522	7652	1522	7652	407	3826	407	3826	1522	7652	271	2550	1522	7652	1522	7652	407	3826	407	3826	1522	7652	271	2550	1522	7652	1522	7652	407	3826	407	3826	1522	7652	271	2550	1522	7652	1522	7652	407	3826	407	3826	1522	7652	1631	10202	1631	10202	1631	10202	1631	10202	1631	10202	1631	10202	1631	10202	1631	10202	1631	10202
80	324	3296	285	2808	1597	8424	1597	8424	428	4212	428	4212	1597	8424	285	2808	1597	8424	1597	8424	428	4212	428	4212	1597	8424	285	2808	1597	8424	1597	8424	428	4212	428	4212	1597	8424	285	2808	1597	8424	1597	8424	428	4212	428	4212	1597	8424	285	2808	1597	8424	1597	8424	428	4212	428	4212	1597	8424	285	2808	1597	8424	1597	8424	428	4212	428	4212	1597	8424	285	2808	1597	8424	1597	8424	428	4212	428	4212	1597	8424	285	2808	1597	8424	1597	8424	428	4212	428	4212	1597	8424	285	2808	1597	8424	1597	8424	428	4212	428	4212	1597	8424	1711	11232	1711	11232	1711	11232	1711	11232	1711	11232	1711	11232	1711	11232	1711	11232	1711	11232
81	337	3417	299	3198	1675	9595	1675	9595	448	4797	448	4797	1675	9595	299	3198	1675	9595	1675	9595	448	4797	448	4797	1675	9595	299	3198	1675	9595	1675	9595	448	4797	448	4797	1675	9595	299	3198	1675	9595	1675	9595	448	4797	448	4797	1675	9595	299	3198	1675	9595	1675	9595	448	4797	448	4797	1675	9595	299	3198	1675	9595	1675	9595	448	4797	448	4797	1675	9595	299	3198	1675	9595	1675	9595	448	4797	448	4797	1675	9595	299	3198	1675	9595	1675	9595	448	4797	448	4797	1675	9595	299	3198	1675	9595	1675	9595	448	4797	448	4797	1675	9595	1795	12794	1795	12794	1795	12794	1795	12794	1795	12794	1795	12794	1795	12794	1795	12794	1795	12794
82	350	3540	313	3790	1755	11372	1755	11372	470	5686	470	5686	1755	11372	313	3790	1755	11372	1755	11372	470	5686	470	5686	1755	11372	313	3790	1755	11372	1755	11372	470	5686	470	5686	1755	11372	313	3790	1755	11372	1755	11372	470	5686	470	5686	1755	11372	313	3790	1755	11372	1755	11372	470	5686	470	5686	1755	11372	313	3790	1755	11372	1755	11372	470	5686	470	5686	1755	11372	313	3790	1755	11372	1755	11372	470	5686	470	5686	1755	11372	313	3790	1755	11372	1755	11372	470	5686	470	5686	1755	11372	313	3790	1755	11372	1755	11372	470	5686	470	5686	1755	11372	1881	15163	1881	15163	1881	15163	1881	15163	1881	15163	1881	15163	1881	15163	1881	15163	1881	15163
83	363	3664	328	4657	1838	13971	1838	13971	492	6985	492	6985	1838	13971	328	4657	1838	13971	1838	13971	492	6985	492	6985	1838	13971	328	4657	1838	13971	1838	13971	492	6985	492	6985	1838	13971	328	4657	1838	13971	1838	13971	492	6985	492	6985	1838	13971	328	4657	1838	13971	1838	13971	492	6985	492	6985	1838	13971	328	4657	1838	13971	1838	13971	492	6985	492	6985	1838	13971	328	4657	1838	13971	1838	13971	492	6985	492	6985	1838	13971	328	4657	1838	13971	1838	13971	492	6985	492	6985	1838	13971	328	4657	1838	13971	1838	13971	492	6985	492	6985	1838	13971	1969	18628	1969	18628	1969	18628	1969	18628	1969	18628	1969	18628	1969	18628	1969	18628	1969	18628
84	377	3791	343	5872	1922	17617	1922	17617	515	8808	515	8808	1922	17617	343	5872	1922	17617	1922	17617	515	8808	515	8808	1922	17617	343	5872	1922	17617	1922	17617	515	8808	515	8808	1922	17617	343	5872	1922	17617	1922	17617	515	8808	515	8808	1922	17617	343	5872	1922	17617	1922	17617	515	8808	515	8808	1922	17617	343	5872	1922	17617	1922	17617	515	8808	515	8808	1922	17617	343	5872	1922	17617	1922	17617	515	8808	515	8808	1922	17617	343	5872	1922	17617	1922	17617	515	8808	515	8808	1922	17617	343	5872	1922	17617	1922	17617	515	8808	515	8808	1922	17617	2060	23489	2060	23489	2060	23489	2060	23489	2060	23489	2060	23489	2060	23489	2060	23489	2060	23489
85	391	3920	358	7514	2009	22543	2009	22543	538	11271	538	11271	2009	22543	358	7514	2009	22543	2009	22543	538	11271	538	11271	2009	22543	358	7514	2009	22543	2009	22543	538	11271	538	11271	2009	22543	358	7514	2009	22543	2009	22543	538	11271	538	11271	2009	22543	358	7514	2009	22543	2009	22543	538	11271	538	11271	2009	22543	358	7514	2009	22543	2009	22543	538	11271	538	11271	2009	22543	358	7514	2009	22543	2009	22543	538	11271	538	11271	2009	22543	358	7514	2009	22543	2009	22543	538	11271	538	11271	2009	22543	358	7514	2009	22543	2009	22543	538	11271	538	11271	2009	22543	2153	30057	2153	30057	2153	30057	2153	30057	2153	30057	2153	30057	2153	30057	2153	30057	2153	30057
86	405	4050	374	9664	2099	28992	2099	28992	562	14496	562	14496	2099	28992	374	9664	2099	28992	2099	28992	562	14496	562	14496	2099	28992	374	9664	2099	28992	2099	28992	562	14496	562	14496	2099	28992	374	9664	2099	28992	2099	28992	562	14496	562	14496	2099	28992	374	9664	2099	28992	2099	28992	562	14496	562	14496	2099	28992	374	9664	2099	28992	2099	28992	562	14496	562	14496	2099	28992	374	9664	2099	28992	2099	28992	562	14496	562	14496	2099	28992	374	9664	2099	28992	2099	28992	562	14496	562	14496	2099	28992	374	9664	2099	28992	2099	28992	562	14496	562	14496	2099	28992	2249	38657	2249	38657	2249	38657	2249	38657	2249	38657	2249	38657	2249	38657	2249	38657	2249	38657
87	419	4182	391	12406	2191	37218	2191	37218	586	18609	586	18609	2191	37218	391	12406	2191	37218	2191	37218	586	18609	586	18609	2191	37218	391	12406	2191	37218	2191	37218	586	18609	586	18609	2191	37218	391	12406	2191	37218	2191	37218	586	18609	586	18609	2191	37218	391	12406	2191	37218	2191	37218	586	18609	586	18609	2191	37218	391	12406	2191	37218	2191	37218	586	18609	586	18609	2191	37218	391	12406	2191	37218	2191	37218	586	18609	586	18609	2191	37218	391	12406	2191	37218	2191	37218	586	18609	586	18609	2191	37218	391	12406	2191	37218	2191	37218	586	18609	586	18609	2191	37218	2347	49624	2347	49624	2347	49624	2347	49624	2347	49624	2347	49624	2347	49624	2347	49624	2347	49624
88	456	4317	408	15826	2285	47480	2285	47480	612	23740	612	23740	2285	47480	408	15826	2285	47480	2285	47480	612	23740	612	23740	2285	47480	408	15826	2285	47480	2285	47480	612	23740	612	23740	2285	47480	408	15826	2285	47480	2285	47480	612	23740	612	23740	2285	47480	408	15826	2285	47480	2285	47480	612	23740	612	23740	2285	47480	408	15826	2285	47480	2285	47480	612	23740	612	23740	2285	47480	408	15826	2285	47480	2285	47480	612	23740	612	23740	2285	47480	408	15826	2285	47480	2285	47480	612	23740	612	23740	2285	47480	408	15826	2285	47480	2285	47480	612	23740	612	23740	2285	47480	2448	63307	2448	63307	2448	63307	2448	63307	2448	63307	2448	63307	2448	63307	2448	63307	2448	63307
89	491	4453	425	20016	2381	60049	2381	60049	637	30024	637	30024	2381	60049	425	20016	2381	60049	2381	60049	637	30024	637	30024	2381	60049	425	20016	2381	60049	2381	60049	637	30024	637	30024	2381	60049	425	20016	2381	60049	2381	60049	637	30024	637	30024	2381	60049	425	20016	2381	60049	2381	60049	637	30024	637	30024	2381	60049	425	20016	2381	60049	2381	60049	637	30024	637	30024	2381	60049	425	20016	2381	60049	2381	60049	637	30024	637	30024	2381	60049	425	20016	2381	60049	2381	60049	637	30024	637	30024	2381	60049	425	20016	2381	60049	2381	60049	637	30024	637	30024	2381	60049	2551	80066	2551	80066	2551	80066	2551	80066	2551	80066	2551	80066	2551	80066	2551	80066	2551	80066
90	528	4591	442	25068	2480	75204	2480	75204	664	37602	664	37602	2480	75204	442	25068	2480	75204	2480	75204	664	37602	664	37602	2480	75204	442	25068	2480	75204	2480	75204	664	37602	664	37602	2480	75204	442	25068	2480	75204	2480	75204	664	37602	664	37602	2480	75204	442	25068	2480	75204	2480	75204	664	37602	664	37602	2480	75204	442	25068	2480	75204	2480	75204	664	37602	664	37602	2480	75204	442	25068	2480	75204	2480	75204	664	37602	664	37602	2480	75204	442	25068	2480	75204	2480	75204	664	37602	664	37602	2480	75204	442	25068	2480	75204	2480	75204	664	37602	664	37602	2480	75204	2657	100272	2657	100272	2657	100272	2657	100272	2657	100272	2657	100272	2657	100272	2657	100272	2657	100272
91	574	4731	460	31077	2581	93232	2581	93232	691	46616	691	46616	2581	93232	460	31077	2581	93232	2581	93232	691	46616	691	46616	2581	93232	460	31077	2581	93232	2581	93232	691	46616	691	46616	2581	93232	460	31077	2581	93232	2581	93232	691	46616	691	46616	2581	93232	460	31077	2581	93232	2581	93232	691	46616	691	46616	2581	93232	460	31077	2581	93232	2581	93232	691	46616	691	46616	2581	93232	460	31077	2581	93232	2581	93232	691	46616	691	46616	2581	93232	460	31077	2581	93232	2581	93232	691	46616	691	46616	2581	93232	460	31077	2581	93232	2581	93232	691	46616	691	46616	2581	93232	2765	124309	2765	124309	2765	124309	2765	124309	2765	124309	2765	124309	2765	124309	2765	124309	2765	124309
92	613	4873	479	38143	2684	114431	2684	114431	719	57215	719	57215	2684	114431	479	38143	2684	114431	2684	114431	719	57215	719	57215	2684	114431	479	38143	2684	114431	2684	114431	719	57215	719	57215	2684	114431	479	38143	2684	114431	2684	114431	719	57215	719	57215	2684	114431	479	38143	2684	114431	2684	114431	719	57215	719	57215	2684	114431	479	38143	2684	114431	2684	114431	719	57215	719	57215	2684	114431	479	38143	2684	114431	2684	114431	719	57215	719	57215	2684	114431	479	38143	2684	114431	2684	114431	719	57215	719	57215	2684	114431	479	38143	2684	114431	2684	114431	719	57215	719	57215	2684	114431	2876	152575	2876	152575	2876	152575	2876	152575	2876	152575	2876	152575	2876	152575	2876	152575	2876	152575
93	653	5017	498	46369	2790	139107	2790	139107	747	69553	747	69553	2790	139107	498	46369	2790	139107	2790	139107	747	69553	747	69553	2790	139107	498	46369	2790	139107	2790	139107	747	69553	747	69553	2790	139107	498	46369	2790	139107	2790	139107	747	69553	747	69553	2790	139107	498	46369	2790	139107	2790	139107	747	69553	747	69553	2790	139107	498	46369	2790	139107	2790	139107	747	69553	747	69553	2790	139107	498	46369	2790	139107	2790	139107	747	69553	747	69553	2790	139107	498	46369	2790	139107	2790	139107	747	69553	747	69553	2790	139107	498	46369	2790	139107	2790	139107	747	69553	747	69553	2790	139107	2989	185476	2989	185476	2989	185476	2989	185476	2989	185476	2989	185476	2989	185476	2989	185476	2989	185476
94	581	5163	517	55858	2898	167574	2898	167574	776	83787	776	83787	2898	167574	517	55858	2898	167574	2898	167574	776	83787	776	83787	2898	167574	517	55858	2898	167574	2898	167574	776	83787	776	83787	2898	167574	517	55858	2898	167574	2898	167574	776	83787	776	83787	2898	167574	517	55858	2898	167574	2898	167574	776	83787	776	83787	2898	167574	517	55858	2898	167574	2898	167574	776	83787	776	83787	2898	167574	517	55858	2898	167574	2898	167574	776	83787	776	83787	2898	167574	517	55858	2898	167574	2898	167574	776	83787	776	83787	2898	167574	517	55858	2898	167574	2898	167574	776	83787	776	83787	2898	167574	3105	223432	3105	223432	3105	223432	3105	223432	3105	223432	3105	223432	3105	223432	3105	223432	3105	223432
95	633	5310	537	66719	3008	200157	3008	200157	805	100078	805	100078	3008	200157	537	66719	3008	200157	3008	200157	805	100078	805	100078	3008	200157	537	66719	3008	200157	3008	200157	805	100078	805	100078	3008	200157	537	66719	3008	200157	3008	200157	805	100078	805	100078	3008	200157	537	66719	3008	200157	3008	200157	805	100078	805	100078	3008	200157	537	66719	3008	200157	3008	200157	805	100078	805	100078	3008	200157	537	66719	3008	200157	3008	200157	805	100078	805	100078	3008	200157	537	66719	3008	200157	3008	200157	805	100078	805	100078	3008	200157	537	66719	3008	200157	3008	200157	805	100078	805	100078	3008	200157	3223	266876	3223	266876	3223	266876	3223	266876	3223	266876	3223	266876	3223	266876	3223	266876	3223	266876
96	677	5460	557	79063	3121	237189	3121	237189	836	118594	836	118594	3121	237189	557	79063	3121	237189	3121	237189	836	118594	836	118594	3121	237189	557	79063	3121	237189	3121	237189	836	118594	836	118594	3121	237189	557	79063	3121	237189	3121	237189	836	118594	836	118594	3121	237189	557	79063	3121	237189	3121	237189	836	118594	836	118594	3121	237189	557	79063	3121	237189	3121	237189	836	118594	836	118594	3121	237189	557	79063	3121	237189	3121	237189	836	118594	836	118594	3121	237189	557	79063	3121	237189	3121	237189	836	118594	836	118594	3121	237189	557	79063	3121	237189	3121	237189	836	118594	836	118594	3121	237189	3344	316252	3344	316252	3344	316252	3344	316252	3344	316252	3344	316252	3344	316252	3344	316252	3344	316252
97	731	5612	577	93003	3236	279011	3236	279011	866	139505	866	139505	3236	279011	577	93003	3236	279011	3236	279011	866	139505	866	139505	3236	279011	577	93003	3236	279011	3236	279011	866	139505	866	139505	3236	279011	577	93003	3236	279011	3236	279011	866	139505	866	139505	3236	279011	577	93003	3236	279011	3236	279011	866	139505	866	139505	3236	279011	577	93003	3236	279011	3236	279011	866	139505	866	139505	3236	279011	577	93003	3236	279011	3236	279011	866	139505	866	139505	3236	279011	577	93003	3236	279011	3236	279011	866	139505	866	139505	3236	279011	577	93003	3236	279011	3236	279011	866	139505	866	139505	3236	279011	3467	372015	3467	372015	3467	372015	3467	372015	3467	372015	3467	372015	3467	372015	3467	372015	3467	372015
98	788	5765	598	108658	3353	325976	3353	325976	898	162988	898	162988	3353	325976	598	108658	3353	325976	3353	325976	898	162988	898	162988	3353	325976	598	108658	3353	325976	3353	325976	898	162988	898	162988	3353	325976	598	108658	3353	325976	3353	325976	898	162988	898	162988	3353	325976	598	108658	3353	325976	3353	325976	898	162988	898	162988	3353	325976	598	108658	3353	325976	3353	325976	898	162988	898	162988	3353	325976	598	108658	3353	325976	3353	325976	898	162988	898	162988	3353	325976	598	108658	3353	325976	3353	325976	898	162988	898	162988	3353	325976	598	108658	3353	325976	3353	325976	898	162988	898	162988	3353	325976	3592	434634	3592	434634	3592	434634	3592	434634	3592	434634	3592	434634	3592	434634	3592	434634	3592	434634
99	836	5921	620	126147	3473	378441	3473	378441	930	189220	930	189220	3473	378441	620	126147	3473	378441	3473	378441	930	189220	930	189220	3473	378441	620	126147	3473	378441	3473	378441	930	189220	930	189220	3473	378441	620	126147	3473	378441	3473	378441	930	189220	930	189220	3473	378441	620	126147	3473	378441	3473	378441	930	189220	930	189220	3473	378441	620	126147	3473	378441	3473	378441	930	189220	930	189220	3473	378441	620	126147	3473	378441	3473	378441	930	189220	930	189220	3473	378441	620	126147	3473	378441	3473	378441	930	189220	930	189220	3473	378441	620	126147	3473	378441	3473	378441	930	189220	930	189220	3473	378441	3721	504589	3721	504589	3721	504589	3721	504589	3721	504589	3721	504589	3721	504589	3721	504589	3721	504589
100	895	6078	641	128152	3594	384456	3594	384456	962	192228	962	192228	3594	384456	641	128152	3594	384456	3594	384456	962	192228	962	192228	3594	384456	641	128152	3594	384456	3594	384456	962	192228	962	192228	3594	384456	641	128152	3594	384456	3594	384456	962	192228	962	192228	3594	384456	641	128152	3594	384456	3594	384456	962	192228	962	192228	3594	384456	641	128152	3594	384456	3594	384456	962	192228	962	192228	3594	384456	641	128152	3594	384456	3594	384456	962	192228	962	192228	3594	384456	641	128152	3594	384456	3594	384456	962	192228	962	192228	3594	384456	641	128152	3594	384456	3594	384456	962	192228	962	192228	3594	384456	3851	512608	3851	512608	3851	512608	3851	512608	3851	512608	3851	512608	3851	512608	3851	512608	3851	512608
101	956	6237	664	130211	3719	390633	3719	390633	996	195316	996	195316	3719	390633	664	130211	3719	390633	3719	390633	996	195316	996	195316	3719	390633	664	130211	3719	390633	3719	390633	996	195316	996	195316	3719	390633	664	130211	3719	390633	3719	390633	996	195316	996	195316	3719	390633	664	130211	3719	390633	3719	390633	996	195316	996	195316	3719	390633	664	130211	3719	390633	3719	390633	996	195316	996	195316	3719	390633	664	130211	3719	390633	3719	390633	996	195316	996	195316	3719	390633	664	130211	3719	390633	3719	390633	996	195316	996	195316	3719	390633	664	130211	3719	390633	3719	390633	996	195316	996	195316	3719	390633	3984	520844	3984	520844	3984	520844	3984	520844	3984	520844	3984	520844	3984	520844	3984	520844	3984	520844
102	1019	6398	686	132325	3845	396977	3845	396977	1030	198488	1030	198488	3845	396977	686	132325	3845	396977	3845	396977	1030	198488	1030	198488	3845	396977	686	132325	3845	396977	3845	396977	1030	198488	1030	198488	3845	396977	686	132325	3845	396977	3845	396977	1030	198488	1030	198488	3845	396977	686	132325	3845	396977	3845	396977	1030	198488	1030	198488	3845	396977	686	132325	3845	396977	3845	396977	1030	198488	1030	198488	3845	396977	686	132325	3845	396977	3845	396977	1030	198488	1030	198488	3845	396977	686	132325	3845	396977	3845	396977	1030	198488	1030	198488	3845	396977	686	132325	3845	396977	3845	396977	1030	198488	1030	198488	3845	396977	4120	529303	4120	529303	4120	529303	4120	529303	4120	529303	4120	529303	4120	529303	4120	529303	4120	529303
103	1083	6561	709	134496	3974	403490	3974	403490	1064	201745	1064	201745	3974	403490	709	134496	3974	403490	3974	403490	1064	201745	1064	201745	3974	403490	709	134496	3974	403490	3974	403490	1064	201745	1064	201745	3974	403490	709	134496	3974	403490	3974	403490	1064	201745	1064	201745	3974	403490	709	134496	3974	403490	3974	403490	1064	201745	1064	201745	3974	403490	709	134496	3974	403490	3974	403490	1064	201745	1064	201745	3974	403490	709	134496	3974	403490	3974	403490	1064	201745	1064	201745	3974	403490	709	134496	3974	403490	3974	403490	1064	201745	1064	201745	3974	403490	709	134496	3974	403490	3974	403490	1064	201745	1064	201745	3974	403490	4258	537987	4258	537987	4258	537987	4258	537987	4258	537987	4258	537987	4258	537987	4258	537987	4258	537987
104	1184	6726	733	136725	4106	410177	4106	410177	1099	205088	1099	205088	4106	410177	733	136725	4106	410177	4106	410177	1099	205088	1099	205088	4106	410177	733	136725	4106	410177	4106	410177	1099	205088	1099	205088	4106	410177	733	136725	4106	410177	4106	410177	1099	205088	1099	205088	4106	410177	733	136725	4106	410177	4106	410177	1099	205088	1099	205088	4106	410177	733	136725	4106	410177	4106	410177	1099	205088	1099	205088	4106	410177	733	136725	4106	410177	4106	410177	1099	205088	1099	205088	4106	410177	733	136725	4106	410177	4106	410177	1099	205088	1099	205088	4106	410177	733	136725	4106	410177	4106	410177	1099	205088	1099	205088	4106	410177	4399	546903	4399	546903	4399	546903	4399	546903	4399	546903	4399	546903	4399	546903	4399	546903	4399	546903
105	1600	6893	757	139013	4239	417041	4239	417041	1135	208520	1135	208520	4239	417041	757	139013	4239	417041	4239	417041	1135	208520	1135	208520	4239	417041	757	139013	4239	417041	4239	417041	1135	208520	1135	208520	4239	417041	757	139013	4239	417041	4239	417041	1135	208520	1135	208520	4239	417041	757	139013	4239	417041	4239	417041	1135	208520	1135	208520	4239	417041	757	139013	4239	417041	4239	417041	1135	208520	1135	208520	4239	417041	757	139013	4239	417041	4239	417041	1135	208520	1135	208520	4239	417041	757	139013	4239	417041	4239	417041	1135	208520	1135	208520	4239	417041	757	139013	4239	417041	4239	417041	1135	208520	1135	208520	4239	417041	4542	556055	4542	556055	4542	556055	4542	556055	4542	556055	4542	556055	4542	556055	4542	556055	4542	556055
106	1600	7062	786	141361	4404	424085	4404	424085	1179	212042	1179	212042	4404	424085	786	141361	4404	424085	4404	424085	1179	212042	1179	212042	4404	424085	786	141361	4404	424085	4404	424085	1179	212042	1179	212042	4404	424085	786	141361	4404	424085	4404	424085	1179	212042	1179	212042	4404	424085	786	141361	4404	424085	4404	424085	1179	212042	1179	212042	4404	424085	786	141361	4404	424085	4404	424085	1179	212042	1179	212042	4404	424085	786	141361	4404	424085	4404	424085	1179	212042	1179	212042	4404	424085	786	141361	4404	424085	4404	424085	1179	212042	1179	212042	4404	424085	786	141361	4404	424085	4404	424085	1179	212042	1179	212042	4404	424085	4719	565446	4719	565446	4719	565446	4719	565446	4719	565446	4719	565446	4719	565446	4719	565446	4719	565446
107	1600	7233	813	143770	4552	431312	4552	431312	1219	215656	1219	215656	4552	431312	813	143770	4552	431312	4552	431312	1219	215656	1219	215656	4552	431312	813	143770	4552	431312	4552	431312	1219	215656	1219	215656	4552	431312	813	143770	4552	431312	4552	431312	1219	215656	1219	215656	4552	431312	813	143770	4552	431312	4552	431312	1219	215656	1219	215656	4552	431312	813	143770	4552	431312	4552	431312	1219	215656	1219	215656	4552	431312	813	143770	4552	431312	4552	431312	1219	215656	1219	215656	4552	431312	813	143770	4552	431312	4552	431312	1219	215656	1219	215656	4552	431312	813	143770	4552	431312	4552	431312	1219	215656	1219	215656	4552	431312	4878	575082	4878	575082	4878	575082	4878	575082	4878	575082	4878	575082	4878	575082	4878	575082	4878	575082
108	1600	7406	840	146241	4704	438725	4704	438725	1260	219362	1260	219362	4704	438725	840	146241	4704	438725	4704	438725	1260	219362	1260	219362	4704	438725	840	146241	4704	438725	4704	438725	1260	219362	1260	219362	4704	438725	840	146241	4704	438725	4704	438725	1260	219362	1260	219362	4704	438725	840	146241	4704	438725	4704	438725	1260	219362	1260	219362	4704	438725	840	146241	4704	438725	4704	438725	1260	219362	1260	219362	4704	438725	840	146241	4704	438725	4704	438725	1260	219362	1260	219362	4704	438725	840	146241	4704	438725	4704	438725	1260	219362	1260	219362	4704	438725	840	146241	4704	438725	4704	438725	1260	219362	1260	219362	4704	438725	5040	584967	5040	584967	5040	584967	5040	584967	5040	584967	5040	584967	5040	584967	5040	584967	5040	584967
109	1600	7580	867	148776	4859	446329	4859	446329	1301	223164	1301	223164	4859	446329	867	148776	4859	446329	4859	446329	1301	223164	1301	223164	4859	446329	867	148776	4859	446329	4859	446329	1301	223164	1301	223164	4859	446329	867	148776	4859	446329	4859	446329	1301	223164	1301	223164	4859	446329	867	148776	4859	446329	4859	446329	1301	223164	1301	223164	4859	446329	867	148776	4859	446329	4859	446329	1301	223164	1301	223164	4859	446329	867	148776	4859	446329	4859	446329	1301	223164	1301	223164	4859	446329	867	148776	4859	446329	4859	446329	1301	223164	1301	223164	4859	446329	867	148776	4859	446329	4859	446329	1301	223164	1301	223164	4859	446329	5206	595106	5206	595106	5206	595106	5206	595106	5206	595106	5206	595106	5206	595106	5206	595106	5206	595106
110	1600	7757	1792	151375	10036	454126	10036	454126	2688	227063	2688	227063	10036	454126	1792	151375	10036	454126	10036	454126	2688	227063	2688	227063	10036	454126	1792	151375	10036	454126	10036	454126	2688	227063	2688	227063	10036	454126	1792	151375	10036	454126	10036	454126	2688	227063	2688	227063	10036	454126	1792	151375	10036	454126	10036	454126	2688	227063	2688	227063	10036	454126	1792	151375	10036	454126	10036	454126	2688	227063	2688	227063	10036	454126	1792	151375	10036	454126	10036	454126	2688	227063	2688	227063	10036	454126	1792	151375	10036	454126	10036	454126	2688	227063	2688	227063	10036	454126	1792	151375	10036	454126	10036	454126	2688	227063	2688	227063	10036	454126	10753	605502	10753	605502	10753	605502	10753	605502	10753	605502	10753	605502	10753	605502	10753	605502	10753	605502
111	1600	7935	1850	154040	10360	462121	10360	462121	2775	231060	2775	231060	10360	462121	1850	154040	10360	462121	10360	462121	2775	231060	2775	231060	10360	462121	1850	154040	10360	462121	10360	462121	2775	231060	2775	231060	10360	462121	1850	154040	10360	462121	10360	462121	2775	231060	2775	231060	10360	462121	1850	154040	10360	462121	10360	462121	2775	231060	2775	231060	10360	462121	1850	154040	10360	462121	10360	462121	2775	231060	2775	231060	10360	462121	1850	154040	10360	462121	10360	462121	2775	231060	2775	231060	10360	462121	1850	154040	10360	462121	10360	462121	2775	231060	2775	231060	10360	462121	1850	154040	10360	462121	10360	462121	2775	231060	2775	231060	10360	462121	11100	616161	11100	616161	11100	616161	11100	616161	11100	616161	11100	616161	11100	616161	11100	616161	11100	616161
112	1600	8116	1909	156771	10691	470315	10691	470315	2863	235157	2863	235157	10691	470315	1909	156771	10691	470315	10691	470315	2863	235157	2863	235157	10691	470315	1909	156771	10691	470315	10691	470315	2863	235157	2863	235157	10691	470315	1909	156771	10691	470315	10691	470315	2863	235157	2863	235157	10691	470315	1909	156771	10691	470315	10691	470315	2863	235157	2863	235157	10691	470315	1909	156771	10691	470315	10691	470315	2863	235157	2863	235157	10691	470315	1909	156771	10691	470315	10691	470315	2863	235157	2863	235157	10691	470315	1909	156771	10691	470315	10691	470315	2863	235157	2863	235157	10691	470315	1909	156771	10691	470315	10691	470315	2863	235157	2863	235157	10691	470315	11455	627087	11455	627087	11455	627087	11455	627087	11455	627087	11455	627087	11455	627087	11455	627087	11455	627087
113	1600	8298	1969	159571	11029	478713	11029	478713	2954	239356	2954	239356	11029	478713	1969	159571	11029	478713	11029	478713	2954	239356	2954	239356	11029	478713	1969	159571	11029	478713	11029	478713	2954	239356	2954	239356	11029	478713	1969	159571	11029	478713	11029	478713	2954	239356	2954	239356	11029	478713	1969	159571	11029	478713	11029	478713	2954	239356	2954	239356	11029	478713	1969	159571	11029	478713	11029	478713	2954	239356	2954	239356	11029	478713	1969	159571	11029	478713	11029	478713	2954	239356	2954	239356	11029	478713	1969	159571	11029	478713	11029	478713	2954	239356	2954	239356	11029	478713	1969	159571	11029	478713	11029	478713	2954	239356	2954	239356	11029	478713	11817	638284	11817	638284	11817	638284	11817	638284	11817	638284	11817	638284	11817	638284	11817	638284	11817	638284
114	1600	8482	2031	162439	11374	487318	11374	487318	3046	243659	3046	243659	11374	487318	2031	162439	11374	487318	11374	487318	3046	243659	3046	243659	11374	487318	2031	162439	11374	487318	11374	487318	3046	243659	3046	243659	11374	487318	2031	162439	11374	487318	11374	487318	3046	243659	3046	243659	11374	487318	2031	162439	11374	487318	11374	487318	3046	243659	3046	243659	11374	487318	2031	162439	11374	487318	11374	487318	3046	243659	3046	243659	11374	487318	2031	162439	11374	487318	11374	487318	3046	243659	3046	243659	11374	487318	2031	162439	11374	487318	11374	487318	3046	243659	3046	243659	11374	487318	2031	162439	11374	487318	11374	487318	3046	243659	3046	243659	11374	487318	12187	649758	12187	649758	12187	649758	12187	649758	12187	649758	12187	649758	12187	649758	12187	649758	12187	649758
115	1600	8668	2094	165378	11727	496134	11727	496134	3141	248067	3141	248067	11727	496134	2094	165378	11727	496134	11727	496134	3141	248067	3141	248067	11727	496134	2094	165378	11727	496134	11727	496134	3141	248067	3141	248067	11727	496134	2094	165378	11727	496134	11727	496134	3141	248067	3141	248067	11727	496134	2094	165378	11727	496134	11727	496134	3141	248067	3141	248067	11727	496134	2094	165378	11727	496134	11727	496134	3141	248067	3141	248067	11727	496134	2094	165378	11727	496134	11727	496134	3141	248067	3141	248067	11727	496134	2094	165378	11727	496134	11727	496134	3141	248067	3141	248067	11727	496134	2094	165378	11727	496134	11727	496134	3141	248067	3141	248067	11727	496134	12564	661512	12564	661512	12564	661512	12564	661512	12564	661512	12564	661512	12564	661512	12564	661512	12564	661512
116	1600	8856	2158	168387	12087	505163	12087	505163	3237	252581	3237	252581	12087	505163	2158	168387	12087	505163	12087	505163	3237	252581	3237	252581	12087	505163	2158	168387	12087	505163	12087	505163	3237	252581	3237	252581	12087	505163	2158	168387	12087	505163	12087	505163	3237	252581	3237	252581	12087	505163	2158	168387	12087	505163	12087	505163	3237	252581	3237	252581	12087	505163	2158	168387	12087	505163	12087	505163	3237	252581	3237	252581	12087	505163	2158	168387	12087	505163	12087	505163	3237	252581	3237	252581	12087	505163	2158	168387	12087	505163	12087	505163	3237	252581	3237	252581	12087	505163	2158	168387	12087	505163	12087	505163	3237	252581	3237	252581	12087	505163	12950	673551	12950	673551	12950	673551	12950	673551	12950	673551	12950	673551	12950	673551	12950	673551	12950	673551
117	1600	9046	2223	171469	12454	514409	12454	514409	3335	257204	3335	257204	12454	514409	2223	171469	12454	514409	12454	514409	3335	257204	3335	257204	12454	514409	2223	171469	12454	514409	12454	514409	3335	257204	3335	257204	12454	514409	2223	171469	12454	514409	12454	514409	3335	257204	3335	257204	12454	514409	2223	171469	12454	514409	12454	514409	3335	257204	3335	257204	12454	514409	2223	171469	12454	514409	12454	514409	3335	257204	3335	257204	12454	514409	2223	171469	12454	514409	12454	514409	3335	257204	3335	257204	12454	514409	2223	171469	12454	514409	12454	514409	3335	257204	3335	257204	12454	514409	2223	171469	12454	514409	12454	514409	3335	257204	3335	257204	12454	514409	13343	685879	13343	685879	13343	685879	13343	685879	13343	685879	13343	685879	13343	685879	13343	685879	13343	685879
118	1600	9238	2290	174625	12828	523876	12828	523876	3436	261938	3436	261938	12828	523876	2290	174625	12828	523876	12828	523876	3436	261938	3436	261938	12828	523876	2290	174625	12828	523876	12828	523876	3436	261938	3436	261938	12828	523876	2290	174625	12828	523876	12828	523876	3436	261938	3436	261938	12828	523876	2290	174625	12828	523876	12828	523876	3436	261938	3436	261938	12828	523876	2290	174625	12828	523876	12828	523876	3436	261938	3436	261938	12828	523876	2290	174625	12828	523876	12828	523876	3436	261938	3436	261938	12828	523876	2290	174625	12828	523876	12828	523876	3436	261938	3436	261938	12828	523876	2290	174625	12828	523876	12828	523876	3436	261938	3436	261938	12828	523876	13745	698501	13745	698501	13745	698501	13745	698501	13745	698501	13745	698501	13745	698501	13745	698501	13745	698501
119	1600	9432	2359	177855	13210	533567	13210	533567	3538	266783	3538	266783	13210	533567	2359	177855	13210	533567	13210	533567	3538	266783	3538	266783	13210	533567	2359	177855	13210	533567	13210	533567	3538	266783	3538	266783	13210	533567	2359	177855	13210	533567	13210	533567	3538	266783	3538	266783	13210	533567	2359	177855	13210	533567	13210	533567	3538	266783	3538	266783	13210	533567	2359	177855	13210	533567	13210	533567	3538	266783	3538	266783	13210	533567	2359	177855	13210	533567	13210	533567	3538	266783	3538	266783	13210	533567	2359	177855	13210	533567	13210	533567	3538	266783	3538	266783	13210	533567	2359	177855	13210	533567	13210	533567	3538	266783	3538	266783	13210	533567	14154	711422	14154	711422	14154	711422	14154	711422	14154	711422	14154	711422	14154	711422	14154	711422	14154	711422
120	1600	9628	2428	181161	13600	543485	13600	543485	3643	271742	3643	271742	13600	543485	2428	181161	13600	543485	13600	543485	3643	271742	3643	271742	13600	543485	2428	181161	13600	543485	13600	543485	3643	271742	3643	271742	13600	543485	2428	181161	13600	543485	13600	543485	3643	271742	3643	271742	13600	543485	2428	181161	13600	543485	13600	543485	3643	271742	3643	271742	13600	543485	2428	181161	13600	543485	13600	543485	3643	271742	3643	271742	13600	543485	2428	181161	13600	543485	13600	543485	3643	271742	3643	271742	13600	543485	2428	181161	13600	543485	13600	543485	3643	271742	3643	271742	13600	543485	2428	181161	13600	543485	13600	543485	3643	271742	3643	271742	13600	543485	14572	724646	14572	724646	14572	724646	14572	724646	14572	724646	14572	724646	14572	724646	14572	724646	14572	724646
121	1600	9628	2499	184544	13997	553633	13997	553633	3749	276816	3749	276816	13997	553633	2499	184544	13997	553633	13997	553633	3749	276816	3749	276816	13997	553633	2499	184544	13997	553633	13997	553633	3749	276816	3749	276816	13997	553633	2499	184544	13997	553633	13997	553633	3749	276816	3749	276816	13997	553633	2499	184544	13997	553633	13997	553633	3749	276816	3749	276816	13997	553633	2499	184544	13997	553633	13997	553633	3749	276816	3749	276816	13997	553633	2499	184544	13997	553633	13997	553633	3749	276816	3749	276816	13997	553633	2499	184544	13997	553633	13997	553633	3749	276816	3749	276816	13997	553633	2499	184544	13997	553633	13997	553633	3749	276816	3749	276816	13997	553633	14997	738178	14997	738178	14997	738178	14997	738178	14997	738178	14997	738178	14997	738178	14997	738178	14997	738178
122	1600	9628	2571	188005	14403	564016	14403	564016	3857	282008	3857	282008	14403	564016	2571	188005	14403	564016	14403	564016	3857	282008	3857	282008	14403	564016	2571	188005	14403	564016	14403	564016	3857	282008	3857	282008	14403	564016	2571	188005	14403	564016	14403	564016	3857	282008	3857	282008	14403	564016	2571	188005	14403	564016	14403	564016	3857	282008	3857	282008	14403	564016	2571	188005	14403	564016	14403	564016	3857	282008	3857	282008	14403	564016	2571	188005	14403	564016	14403	564016	3857	282008	3857	282008	14403	564016	2571	188005	14403	564016	14403	564016	3857	282008	3857	282008	14403	564016	2571	188005	14403	564016	14403	564016	3857	282008	3857	282008	14403	564016	15431	752021	15431	752021	15431	752021	15431	752021	15431	752021	15431	752021	15431	752021	15431	752021	15431	752021
123	1600	9628	2645	191545	14816	574636	14816	574636	3968	287318	3968	287318	14816	574636	2645	191545	14816	574636	14816	574636	3968	287318	3968	287318	14816	574636	2645	191545	14816	574636	14816	574636	3968	287318	3968	287318	14816	574636	2645	191545	14816	574636	14816	574636	3968	287318	3968	287318	14816	574636	2645	191545	14816	574636	14816	574636	3968	287318	3968	287318	14816	574636	2645	191545	14816	574636	14816	574636	3968	287318	3968	287318	14816	574636	2645	191545	14816	574636	14816	574636	3968	287318	3968	287318	14816	574636	2645	191545	14816	574636	14816	574636	3968	287318	3968	287318	14816	574636	2645	191545	14816	574636	14816	574636	3968	287318	3968	287318	14816	574636	15874	766181	15874	766181	15874	766181	15874	766181	15874	766181	15874	766181	15874	766181	15874	766181	15874	766181
124	1600	9628	2720	195165	15236	585496	15236	585496	4081	292748	4081	292748	15236	585496	2720	195165	15236	585496	15236	585496	4081	292748	4081	292748	15236	585496	2720	195165	15236	585496	15236	585496	4081	292748	4081	292748	15236	585496	2720	195165	15236	585496	15236	585496	4081	292748	4081	292748	15236	585496	2720	195165	15236	585496	15236	585496	4081	292748	4081	292748	15236	585496	2720	195165	15236	585496	15236	585496	4081	292748	4081	292748	15236	585496	2720	195165	15236	585496	15236	585496	4081	292748	4081	292748	15236	585496	2720	195165	15236	585496	15236	585496	4081	292748	4081	292748	15236	585496	2720	195165	15236	585496	15236	585496	4081	292748	4081	292748	15236	585496	16325	780662	16325	780662	16325	780662	16325	780662	16325	780662	16325	780662	16325	780662	16325	780662	16325	780662
125	1600	9628	2797	198867	15665	596601	15665	596601	4196	298300	4196	298300	15665	596601	2797	198867	15665	596601	15665	596601	4196	298300	4196	298300	15665	596601	2797	198867	15665	596601	15665	596601	4196	298300	4196	298300	15665	596601	2797	198867	15665	596601	15665	596601	4196	298300	4196	298300	15665	596601	2797	198867	15665	596601	15665	596601	4196	298300	4196	298300	15665	596601	2797	198867	15665	596601	15665	596601	4196	298300	4196	298300	15665	596601	2797	198867	15665	596601	15665	596601	4196	298300	4196	298300	15665	596601	2797	198867	15665	596601	15665	596601	4196	298300	4196	298300	15665	596601	2797	198867	15665	596601	15665	596601	4196	298300	4196	298300	15665	596601	16784	795468	16784	795468	16784	795468	16784	795468	16784	795468	16784	795468	16784	795468	16784	795468	16784	795468
126	1600	9628	2875	202651	16102	607953	16102	607953	4313	303976	4313	303976	16102	607953	2875	202651	16102	607953	16102	607953	4313	303976	4313	303976	16102	607953	2875	202651	16102	607953	16102	607953	4313	303976	4313	303976	16102	607953	2875	202651	16102	607953	16102	607953	4313	303976	4313	303976	16102	607953	2875	202651	16102	607953	16102	607953	4313	303976	4313	303976	16102	607953	2875	202651	16102	607953	16102	607953	4313	303976	4313	303976	16102	607953	2875	202651	16102	607953	16102	607953	4313	303976	4313	303976	16102	607953	2875	202651	16102	607953	16102	607953	4313	303976	4313	303976	16102	607953	2875	202651	16102	607953	16102	607953	4313	303976	4313	303976	16102	607953	17252	810605	17252	810605	17252	810605	17252	810605	17252	810605	17252	810605	17252	810605	17252	810605	17252	810605
127	1600	9628	2954	206519	16547	619557	16547	619557	4432	309778	4432	309778	16547	619557	2954	206519	16547	619557	16547	619557	4432	309778	4432	309778	16547	619557	2954	206519	16547	619557	16547	619557	4432	309778	4432	309778	16547	619557	2954	206519	16547	619557	16547	619557	4432	309778	4432	309778	16547	619557	2954	206519	16547	619557	16547	619557	4432	309778	4432	309778	16547	619557	2954	206519	16547	619557	16547	619557	4432	309778	4432	309778	16547	619557	2954	206519	16547	619557	16547	619557	4432	309778	4432	309778	16547	619557	2954	206519	16547	619557	16547	619557	4432	309778	4432	309778	16547	619557	2954	206519	16547	619557	16547	619557	4432	309778	4432	309778	16547	619557	17729	826076	17729	826076	17729	826076	17729	826076	17729	826076	17729	826076	17729	826076	17729	826076	17729	826076
128	1600	9628	3035	210471	17000	631414	17000	631414	4553	315707	4553	315707	17000	631414	3035	210471	17000	631414	17000	631414	4553	315707	4553	315707	17000	631414	3035	210471	17000	631414	17000	631414	4553	315707	4553	315707	17000	631414	3035	210471	17000	631414	17000	631414	4553	315707	4553	315707	17000	631414	3035	210471	17000	631414	17000	631414	4553	315707	4553	315707	17000	631414	3035	210471	17000	631414	17000	631414	4553	315707	4553	315707	17000	631414	3035	210471	17000	631414	17000	631414	4553	315707	4553	315707	17000	631414	3035	210471	17000	631414	17000	631414	4553	315707	4553	315707	17000	631414	3035	210471	17000	631414	17000	631414	4553	315707	4553	315707	17000	631414	18215	841886	18215	841886	18215	841886	18215	841886	18215	841886	18215	841886	18215	841886	18215	841886	18215	841886
129	1600	9628	3118	214509	17462	643529	17462	643529	4677	321764	4677	321764	17462	643529	3118	214509	17462	643529	17462	643529	4677	321764	4677	321764	17462	643529	3118	214509	17462	643529	17462	643529	4677	321764	4677	321764	17462	643529	3118	214509	17462	643529	17462	643529	4677	321764	4677	321764	17462	643529	3118	214509	17462	643529	17462	643529	4677	321764	4677	321764	17462	643529	3118	214509	17462	643529	17462	643529	4677	321764	4677	321764	17462	643529	3118	214509	17462	643529	17462	643529	4677	321764	4677	321764	17462	643529	3118	214509	17462	643529	17462	643529	4677	321764	4677	321764	17462	643529	3118	214509	17462	643529	17462	643529	4677	321764	4677	321764	17462	643529	18709	858039	18709	858039	18709	858039	18709	858039	18709	858039	18709	858039	18709	858039	18709	858039	18709	858039
130	1600	9628	3202	218635	17932	655905	17932	655905	4803	327952	4803	327952	17932	655905	3202	218635	17932	655905	17932	655905	4803	327952	4803	327952	17932	655905	3202	218635	17932	655905	17932	655905	4803	327952	4803	327952	17932	655905	3202	218635	17932	655905	17932	655905	4803	327952	4803	327952	17932	655905	3202	218635	17932	655905	17932	655905	4803	327952	4803	327952	17932	655905	3202	218635	17932	655905	17932	655905	4803	327952	4803	327952	17932	655905	3202	218635	17932	655905	17932	655905	4803	327952	4803	327952	17932	655905	3202	218635	17932	655905	17932	655905	4803	327952	4803	327952	17932	655905	3202	218635	17932	655905	17932	655905	4803	327952	4803	327952	17932	655905	19213	874540	19213	874540	19213	874540	19213	874540	19213	874540	19213	874540	19213	874540	19213	874540	19213	874540
131	1600	9628	3287	222848	18410	668546	18410	668546	4931	334273	4931	334273	18410	668546	3287	222848	18410	668546	18410	668546	4931	334273	4931	334273	18410	668546	3287	222848	18410	668546	18410	668546	4931	334273	4931	334273	18410	668546	3287	222848	18410	668546	18410	668546	4931	334273	4931	334273	18410	668546	3287	222848	18410	668546	18410	668546	4931	334273	4931	334273	18410	668546	3287	222848	18410	668546	18410	668546	4931	334273	4931	334273	18410	668546	3287	222848	18410	668546	18410	668546	4931	334273	4931	334273	18410	668546	3287	222848	18410	668546	18410	668546	4931	334273	4931	334273	18410	668546	3287	222848	18410	668546	18410	668546	4931	334273	4931	334273	18410	668546	19725	891394	19725	891394	19725	891394	19725	891394	19725	891394	19725	891394	19725	891394	19725	891394	19725	891394
132	1600	9628	3374	227151	18897	681454	18897	681454	5061	340727	5061	340727	18897	681454	3374	227151	18897	681454	18897	681454	5061	340727	5061	340727	18897	681454	3374	227151	18897	681454	18897	681454	5061	340727	5061	340727	18897	681454	3374	227151	18897	681454	18897	681454	5061	340727	5061	340727	18897	681454	3374	227151	18897	681454	18897	681454	5061	340727	5061	340727	18897	681454	3374	227151	18897	681454	18897	681454	5061	340727	5061	340727	18897	681454	3374	227151	18897	681454	18897	681454	5061	340727	5061	340727	18897	681454	3374	227151	18897	681454	18897	681454	5061	340727	5061	340727	18897	681454	3374	227151	18897	681454	18897	681454	5061	340727	5061	340727	18897	681454	20247	908605	20247	908605	20247	908605	20247	908605	20247	908605	20247	908605	20247	908605	20247	908605	20247	908605
133	1600	9628	3463	231544	19392	694633	19392	694633	5194	347316	5194	347316	19392	694633	3463	231544	19392	694633	19392	694633	5194	347316	5194	347316	19392	694633	3463	231544	19392	694633	19392	694633	5194	347316	5194	347316	19392	694633	3463	231544	19392	694633	19392	694633	5194	347316	5194	347316	19392	694633	3463	231544	19392	694633	19392	694633	5194	347316	5194	347316	19392	694633	3463	231544	19392	694633	19392	694633	5194	347316	5194	347316	19392	694633	3463	231544	19392	694633	19392	694633	5194	347316	5194	347316	19392	694633	3463	231544	19392	694633	19392	694633	5194	347316	5194	347316	19392	694633	3463	231544	19392	694633	19392	694633	5194	347316	5194	347316	19392	694633	20778	926178	20778	926178	20778	926178	20778	926178	20778	926178	20778	926178	20778	926178	20778	926178	20778	926178
134	1600	9628	3553	236029	19896	708087	19896	708087	5329	354043	5329	354043	19896	708087	3553	236029	19896	708087	19896	708087	5329	354043	5329	354043	19896	708087	3553	236029	19896	708087	19896	708087	5329	354043	5329	354043	19896	708087	3553	236029	19896	708087	19896	708087	5329	354043	5329	354043	19896	708087	3553	236029	19896	708087	19896	708087	5329	354043	5329	354043	19896	708087	3553	236029	19896	708087	19896	708087	5329	354043	5329	354043	19896	708087	3553	236029	19896	708087	19896	708087	5329	354043	5329	354043	19896	708087	3553	236029	19896	708087	19896	708087	5329	354043	5329	354043	19896	708087	3553	236029	19896	708087	19896	708087	5329	354043	5329	354043	19896	708087	21318	944116	21318	944116	21318	944116	21318	944116	21318	944116	21318	944116	21318	944116	21318	944116	21318	944116
135	1600	9628	3644	240606	20409	721819	20409	721819	5466	360909	5466	360909	20409	721819	3644	240606	20409	721819	20409	721819	5466	360909	5466	360909	20409	721819	3644	240606	20409	721819	20409	721819	5466	360909	5466	360909	20409	721819	3644	240606	20409	721819	20409	721819	5466	360909	5466	360909	20409	721819	3644	240606	20409	721819	20409	721819	5466	360909	5466	360909	20409	721819	3644	240606	20409	721819	20409	721819	5466	360909	5466	360909	20409	721819	3644	240606	20409	721819	20409	721819	5466	360909	5466	360909	20409	721819	3644	240606	20409	721819	20409	721819	5466	360909	5466	360909	20409	721819	3644	240606	20409	721819	20409	721819	5466	360909	5466	360909	20409	721819	21867	962425	21867	962425	21867	962425	21867	962425	21867	962425	21867	962425	21867	962425	21867	962425	21867	962425
136	1600	9628	3737	245277	20931	735832	20931	735832	5606	367916	5606	367916	20931	735832	3737	245277	20931	735832	20931	735832	5606	367916	5606	367916	20931	735832	3737	245277	20931	735832	20931	735832	5606	367916	5606	367916	20931	735832	3737	245277	20931	735832	20931	735832	5606	367916	5606	367916	20931	735832	3737	245277	20931	735832	20931	735832	5606	367916	5606	367916	20931	735832	3737	245277	20931	735832	20931	735832	5606	367916	5606	367916	20931	735832	3737	245277	20931	735832	20931	735832	5606	367916	5606	367916	20931	735832	3737	245277	20931	735832	20931	735832	5606	367916	5606	367916	20931	735832	3737	245277	20931	735832	20931	735832	5606	367916	5606	367916	20931	735832	22426	981109	22426	981109	22426	981109	22426	981109	22426	981109	22426	981109	22426	981109	22426	981109	22426	981109
137	1600	9628	3832	250043	21461	750129	21461	750129	5748	375064	5748	375064	21461	750129	3832	250043	21461	750129	21461	750129	5748	375064	5748	375064	21461	750129	3832	250043	21461	750129	21461	750129	5748	375064	5748	375064	21461	750129	3832	250043	21461	750129	21461	750129	5748	375064	5748	375064	21461	750129	3832	250043	21461	750129	21461	750129	5748	375064	5748	375064	21461	750129	3832	250043	21461	750129	21461	750129	5748	375064	5748	375064	21461	750129	3832	250043	21461	750129	21461	750129	5748	375064	5748	375064	21461	750129	3832	250043	21461	750129	21461	750129	5748	375064	5748	375064	21461	750129	3832	250043	21461	750129	21461	750129	5748	375064	5748	375064	21461	750129	22994	1000172	22994	1000172	22994	1000172	22994	1000172	22994	1000172	22994	1000172	22994	1000172	22994	1000172	22994	1000172
138	1600	9628	3928	254905	22001	764715	22001	764715	5893	382357	5893	382357	22001	764715	3928	254905	22001	764715	22001	764715	5893	382357	5893	382357	22001	764715	3928	254905	22001	764715	22001	764715	5893	382357	5893	382357	22001	764715	3928	254905	22001	764715	22001	764715	5893	382357	5893	382357	22001	764715	3928	254905	22001	764715	22001	764715	5893	382357	5893	382357	22001	764715	3928	254905	22001	764715	22001	764715	5893	382357	5893	382357	22001	764715	3928	254905	22001	764715	22001	764715	5893	382357	5893	382357	22001	764715	3928	254905	22001	764715	22001	764715	5893	382357	5893	382357	22001	764715	3928	254905	22001	764715	22001	764715	5893	382357	5893	382357	22001	764715	23572	1019620	23572	1019620	23572	1019620	23572	1019620	23572	1019620	23572	1019620	23572	1019620	23572	1019620	23572	1019620
139	1600	9628	4026	259864	22549	779592	22549	779592	6040	389796	6040	389796	22549	779592	4026	259864	22549	779592	22549	779592	6040	389796	6040	389796	22549	779592	4026	259864	22549	779592	22549	779592	6040	389796	6040	389796	22549	779592	4026	259864	22549	779592	22549	779592	6040	389796	6040	389796	22549	779592	4026	259864	22549	779592	22549	779592	6040	389796	6040	389796	22549	779592	4026	259864	22549	779592	22549	779592	6040	389796	6040	389796	22549	779592	4026	259864	22549	779592	22549	779592	6040	389796	6040	389796	22549	779592	4026	259864	22549	779592	22549	779592	6040	389796	6040	389796	22549	779592	4026	259864	22549	779592	22549	779592	6040	389796	6040	389796	22549	779592	24160	1039456	24160	1039456	24160	1039456	24160	1039456	24160	1039456	24160	1039456	24160	1039456	24160	1039456	24160	1039456
140	1600	9628	4126	264921	23107	794763	23107	794763	6189	397381	6189	397381	23107	794763	4126	264921	23107	794763	23107	794763	6189	397381	6189	397381	23107	794763	4126	264921	23107	794763	23107	794763	6189	397381	6189	397381	23107	794763	4126	264921	23107	794763	23107	794763	6189	397381	6189	397381	23107	794763	4126	264921	23107	794763	23107	794763	6189	397381	6189	397381	23107	794763	4126	264921	23107	794763	23107	794763	6189	397381	6189	397381	23107	794763	4126	264921	23107	794763	23107	794763	6189	397381	6189	397381	23107	794763	4126	264921	23107	794763	23107	794763	6189	397381	6189	397381	23107	794763	4126	264921	23107	794763	23107	794763	6189	397381	6189	397381	23107	794763	24757	1059685	24757	1059685	24757	1059685	24757	1059685	24757	1059685	24757	1059685	24757	1059685	24757	1059685	24757	1059685
141	1600	9628	4227	270077	23673	810233	23673	810233	6341	405116	6341	405116	23673	810233	4227	270077	23673	810233	23673	810233	6341	405116	6341	405116	23673	810233	4227	270077	23673	810233	23673	810233	6341	405116	6341	405116	23673	810233	4227	270077	23673	810233	23673	810233	6341	405116	6341	405116	23673	810233	4227	270077	23673	810233	23673	810233	6341	405116	6341	405116	23673	810233	4227	270077	23673	810233	23673	810233	6341	405116	6341	405116	23673	810233	4227	270077	23673	810233	23673	810233	6341	405116	6341	405116	23673	810233	4227	270077	23673	810233	23673	810233	6341	405116	6341	405116	23673	810233	4227	270077	23673	810233	23673	810233	6341	405116	6341	405116	23673	810233	25364	1080311	25364	1080311	25364	1080311	25364	1080311	25364	1080311	25364	1080311	25364	1080311	25364	1080311	25364	1080311
142	1600	9628	4330	275335	24249	826005	24249	826005	6495	413002	6495	413002	24249	826005	4330	275335	24249	826005	24249	826005	6495	413002	6495	413002	24249	826005	4330	275335	24249	826005	24249	826005	6495	413002	6495	413002	24249	826005	4330	275335	24249	826005	24249	826005	6495	413002	6495	413002	24249	826005	4330	275335	24249	826005	24249	826005	6495	413002	6495	413002	24249	826005	4330	275335	24249	826005	24249	826005	6495	413002	6495	413002	24249	826005	4330	275335	24249	826005	24249	826005	6495	413002	6495	413002	24249	826005	4330	275335	24249	826005	24249	826005	6495	413002	6495	413002	24249	826005	4330	275335	24249	826005	24249	826005	6495	413002	6495	413002	24249	826005	25981	1101340	25981	1101340	25981	1101340	25981	1101340	25981	1101340	25981	1101340	25981	1101340	25981	1101340	25981	1101340
143	1600	9628	4434	280693	24835	842081	24835	842081	6652	421040	6652	421040	24835	842081	4434	280693	24835	842081	24835	842081	6652	421040	6652	421040	24835	842081	4434	280693	24835	842081	24835	842081	6652	421040	6652	421040	24835	842081	4434	280693	24835	842081	24835	842081	6652	421040	6652	421040	24835	842081	4434	280693	24835	842081	24835	842081	6652	421040	6652	421040	24835	842081	4434	280693	24835	842081	24835	842081	6652	421040	6652	421040	24835	842081	4434	280693	24835	842081	24835	842081	6652	421040	6652	421040	24835	842081	4434	280693	24835	842081	24835	842081	6652	421040	6652	421040	24835	842081	4434	280693	24835	842081	24835	842081	6652	421040	6652	421040	24835	842081	26609	1122774	26609	1122774	26609	1122774	26609	1122774	26609	1122774	26609	1122774	26609	1122774	26609	1122774	26609	1122774
144	1600	9628	4541	286155	25429	858465	25429	858465	6811	429232	6811	429232	25429	858465	4541	286155	25429	858465	25429	858465	6811	429232	6811	429232	25429	858465	4541	286155	25429	858465	25429	858465	6811	429232	6811	429232	25429	858465	4541	286155	25429	858465	25429	858465	6811	429232	6811	429232	25429	858465	4541	286155	25429	858465	25429	858465	6811	429232	6811	429232	25429	858465	4541	286155	25429	858465	25429	858465	6811	429232	6811	429232	25429	858465	4541	286155	25429	858465	25429	858465	6811	429232	6811	429232	25429	858465	4541	286155	25429	858465	25429	858465	6811	429232	6811	429232	25429	858465	4541	286155	25429	858465	25429	858465	6811	429232	6811	429232	25429	858465	27246	1144620	27246	1144620	27246	1144620	27246	1144620	27246	1144620	27246	1144620	27246	1144620	27246	1144620	27246	1144620
145	1600	9628	4648	301789	26034	905367	26034	905367	6973	452683	6973	452683	26034	905367	4648	301789	26034	905367	26034	905367	6973	452683	6973	452683	26034	905367	4648	301789	26034	905367	26034	905367	6973	452683	6973	452683	26034	905367	4648	301789	26034	905367	26034	905367	6973	452683	6973	452683	26034	905367	4648	301789	26034	905367	26034	905367	6973	452683	6973	452683	26034	905367	4648	301789	26034	905367	26034	905367	6973	452683	6973	452683	26034	905367	4648	301789	26034	905367	26034	905367	6973	452683	6973	452683	26034	905367	4648	301789	26034	905367	26034	905367	6973	452683	6973	452683	26034	905367	4648	301789	26034	905367	26034	905367	6973	452683	6973	452683	26034	905367	27893	1207157	27893	1207157	27893	1207157	27893	1207157	27893	1207157	27893	1207157	27893	1207157	27893	1207157	27893	1207157
146	1600	9628	4758	319407	26647	958221	26647	958221	7137	479110	7137	479110	26647	958221	4758	319407	26647	958221	26647	958221	7137	479110	7137	479110	26647	958221	4758	319407	26647	958221	26647	958221	7137	479110	7137	479110	26647	958221	4758	319407	26647	958221	26647	958221	7137	479110	7137	479110	26647	958221	4758	319407	26647	958221	26647	958221	7137	479110	7137	479110	26647	958221	4758	319407	26647	958221	26647	958221	7137	479110	7137	479110	26647	958221	4758	319407	26647	958221	26647	958221	7137	479110	7137	479110	26647	958221	4758	319407	26647	958221	26647	958221	7137	479110	7137	479110	26647	958221	4758	319407	26647	958221	26647	958221	7137	479110	7137	479110	26647	958221	28551	1277628	28551	1277628	28551	1277628	28551	1277628	28551	1277628	28551	1277628	28551	1277628	28551	1277628	28551	1277628
147	1600	9628	4869	339158	27271	1017474	27271	1017474	7304	508737	7304	508737	27271	1017474	4869	339158	27271	1017474	27271	1017474	7304	508737	7304	508737	27271	1017474	4869	339158	27271	1017474	27271	1017474	7304	508737	7304	508737	27271	1017474	4869	339158	27271	1017474	27271	1017474	7304	508737	7304	508737	27271	1017474	4869	339158	27271	1017474	27271	1017474	7304	508737	7304	508737	27271	1017474	4869	339158	27271	1017474	27271	1017474	7304	508737	7304	508737	27271	1017474	4869	339158	27271	1017474	27271	1017474	7304	508737	7304	508737	27271	1017474	4869	339158	27271	1017474	27271	1017474	7304	508737	7304	508737	27271	1017474	4869	339158	27271	1017474	27271	1017474	7304	508737	7304	508737	27271	1017474	29219	1356633	29219	1356633	29219	1356633	29219	1356633	29219	1356633	29219	1356633	29219	1356633	29219	1356633	29219	1356633
148	1600	9628	4982	361194	27904	1083584	27904	1083584	7474	541792	7474	541792	27904	1083584	4982	361194	27904	1083584	27904	1083584	7474	541792	7474	541792	27904	1083584	4982	361194	27904	1083584	27904	1083584	7474	541792	7474	541792	27904	1083584	4982	361194	27904	1083584	27904	1083584	7474	541792	7474	541792	27904	1083584	4982	361194	27904	1083584	27904	1083584	7474	541792	7474	541792	27904	1083584	4982	361194	27904	1083584	27904	1083584	7474	541792	7474	541792	27904	1083584	4982	361194	27904	1083584	27904	1083584	7474	541792	7474	541792	27904	1083584	4982	361194	27904	1083584	27904	1083584	7474	541792	7474	541792	27904	1083584	4982	361194	27904	1083584	27904	1083584	7474	541792	7474	541792	27904	1083584	29897	1444779	29897	1444779	29897	1444779	29897	1444779	29897	1444779	29897	1444779	29897	1444779	29897	1444779	29897	1444779
149	1600	9628	5097	385671	28547	1157015	28547	1157015	7646	578507	7646	578507	28547	1157015	5097	385671	28547	1157015	28547	1157015	7646	578507	7646	578507	28547	1157015	5097	385671	28547	1157015	28547	1157015	7646	578507	7646	578507	28547	1157015	5097	385671	28547	1157015	28547	1157015	7646	578507	7646	578507	28547	1157015	5097	385671	28547	1157015	28547	1157015	7646	578507	7646	578507	28547	1157015	5097	385671	28547	1157015	28547	1157015	7646	578507	7646	578507	28547	1157015	5097	385671	28547	1157015	28547	1157015	7646	578507	7646	578507	28547	1157015	5097	385671	28547	1157015	28547	1157015	7646	578507	7646	578507	28547	1157015	5097	385671	28547	1157015	28547	1157015	7646	578507	7646	578507	28547	1157015	30586	1542687	30586	1542687	30586	1542687	30586	1542687	30586	1542687	30586	1542687	30586	1542687	30586	1542687	30586	1542687
150	1600	9628	5214	385671	29200	1157015	29200	1157015	7821	578507	7821	578507	29200	1157015	5214	385671	29200	1157015	29200	1157015	7821	578507	7821	578507	29200	1157015	5214	385671	29200	1157015	29200	1157015	7821	578507	7821	578507	29200	1157015	5214	385671	29200	1157015	29200	1157015	7821	578507	7821	578507	29200	1157015	5214	385671	29200	1157015	29200	1157015	7821	578507	7821	578507	29200	1157015	5214	385671	29200	1157015	29200	1157015	7821	578507	7821	578507	29200	1157015	5214	385671	29200	1157015	29200	1157015	7821	578507	7821	578507	29200	1157015	5214	385671	29200	1157015	29200	1157015	7821	578507	7821	578507	29200	1157015	5214	385671	29200	1157015	29200	1157015	7821	578507	7821	578507	29200	1157015	31285	1542687	31285	1542687	31285	1542687	31285	1542687	31285	1542687	31285	1542687	31285	1542687	31285	1542687	31285	1542687
