INT	INT	FLOAT	FLOAT
INT	INT	FLOAT	FLOAT
1	1	86.1961	63.9965
2	1	90.0525	67.3946
3	1	85.2477	58.4338
4	1	63.9242	51.0424
5	1	40.9972	37.3264
6	1	50.6018	96.1761
7	1	36.0441	110.1733
8	1	65.2605	131.5047
9	1	45.9669	189.3270
10	1	59.5751	252.6639
11	1	57.2172	278.2565
12	1	48.8107	258.8651
13	1	48.1007	257.5028
14	1	75.3311	212.4035
15	1	124.6766	279.2465
16	1	138.2195	282.7093
17	1	147.4886	253.6223
18	1	146.4436	247.7029
19	1	148.2957	246.9729
20	1	150.2237	247.5409
21	1	144.1598	250.0941
22	1	144.2851	238.4258
23	1	142.4203	237.5915
24	1	106.8246	245.4302
25	1	105.5738	243.7114
26	1	103.5710	240.5074
27	1	164.8982	249.9730
28	1	163.2085	247.4066
29	1	222.3573	253.8483
30	1	227.6943	253.3070
31	1	232.7540	254.6902
32	1	236.6697	258.6297
33	1	239.6556	268.1552
34	1	253.2464	279.6806
35	1	257.6216	279.5511
36	1	264.6617	278.9393
37	1	276.5334	266.1377
38	1	264.5794	253.9470
39	1	274.5635	244.0207
40	1	272.3670	247.1263
41	1	238.3577	236.2349
42	1	238.1122	232.3844
43	1	236.6216	222.6967
44	1	234.5397	223.9211
45	1	231.0163	225.0733
46	1	227.5991	226.1435
47	1	224.4034	227.0787
48	1	218.1614	223.4407
49	1	231.1577	204.0433
50	1	234.6151	211.5712
51	1	224.9885	216.5496
52	1	228.2912	190.3513
53	1	219.4740	174.4523
54	1	223.0980	171.9753
55	1	221.8048	170.4303
56	1	246.2553	144.1136
57	1	246.3727	159.4118
58	1	261.5766	127.2533
59	1	283.0046	77.4556
60	1	264.6044	76.0267
61	1	279.2346	45.6127
62	1	279.3958	41.4558
63	1	262.7195	49.6524
64	1	268.5318	46.3973
65	1	266.2051	51.5260
66	1	249.7618	36.2758
67	1	215.5585	64.1613
68	1	190.0378	73.9160
69	1	196.1553	72.5943
70	1	163.1343	92.8258
71	1	175.8457	78.7044
72	1	129.4139	91.8267
73	1	130.2639	88.3333
74	1	50.0961	104.7569
75	1	48.8222	113.3257
76	1	59.7591	230.0803
77	1	59.1409	281.7772
78	1	86.1856	282.9402
79	1	115.0245	180.3774
80	1	113.6799	186.2801
81	1	149.5063	281.3004
82	1	186.6534	262.6469
83	1	175.4047	243.6169
84	1	186.9359	235.9884
85	1	194.0536	199.8879
86	1	210.0182	219.8732
87	1	223.7164	205.8106
88	1	278.2040	224.1114
89	1	170.7338	157.9841
90	1	170.7055	147.3104
91	1	202.1697	141.9087
92	1	236.2547	92.7951
93	1	238.2236	97.0532
94	1	253.2671	102.3804
95	1	223.2084	37.2441
96	1	164.9859	104.3859
97	1	137.1531	86.6820
98	1	120.4646	59.5723
99	1	136.9861	57.9145
100	1	131.6989	39.5370
101	101	141.3377	37.6555
102	101	152.0840	36.7806
103	101	125.1516	44.1646
104	101	86.5840	54.4775
105	101	57.5625	95.4589
106	101	55.3263	102.4649
107	101	47.1809	84.7943
108	101	45.3972	86.6885
109	101	51.1225	61.6458
110	101	56.8397	52.0942
111	101	62.5236	52.4773
112	101	66.9861	42.9969
113	101	48.0389	41.2428
114	101	38.7655	74.6092
115	101	37.6690	154.3422
116	101	39.4854	183.3817
117	101	39.6360	204.0358
118	101	66.3871	199.5901
119	101	36.3686	213.3831
120	101	63.9814	255.8824
121	101	69.0587	242.4260
122	101	71.7295	277.3690
123	101	93.9053	277.1898
124	101	101.6407	275.6581
125	101	104.4889	276.8063
126	101	95.2183	251.2248
127	101	97.5668	256.0529
128	101	171.7195	282.4879
129	101	174.0559	284.2776
130	101	195.9194	278.1549
131	101	196.1776	262.0488
132	101	200.4606	273.6992
133	101	204.0748	278.6709
134	101	209.1510	276.2726
135	101	219.3066	265.0635
136	101	229.5521	261.5915
137	101	228.6595	279.8268
138	101	234.3726	281.2243
139	101	200.9934	227.7591
140	101	190.6459	214.1557
141	101	184.7279	220.3035
142	101	180.0582	224.8268
143	101	171.1427	231.7208
144	101	166.2188	233.5934
145	101	152.8936	208.8405
146	101	72.6191	171.0965
147	101	160.9399	231.1317
148	101	148.9297	218.3014
149	101	182.6067	49.4367
150	101	173.5695	65.7850
151	101	162.2320	55.4538
152	101	145.6877	40.7185
153	102	145.1671	57.9236
154	102	138.3408	82.7026
155	102	143.6938	84.4646
156	102	150.7408	73.8734
157	102	151.8696	71.3355
158	102	157.6749	98.3103
159	102	170.7499	93.7298
160	102	172.4619	76.6153
161	102	212.8216	112.9801
162	102	281.2555	56.5008
163	102	278.0894	38.4200
164	102	252.9770	43.0620
165	102	224.2949	46.3263
166	102	237.9483	124.9251
167	102	259.9841	135.2300
168	102	284.5687	247.7486
169	102	269.2500	218.1410
170	102	267.8081	258.8277
171	102	212.8254	248.9677
172	102	150.8698	260.1028
173	102	149.5366	272.4067
174	102	125.9699	269.0405
175	102	129.8749	243.9995
176	102	125.5948	213.7845
177	102	85.0854	52.0276
178	102	138.2965	182.5083
179	102	124.3968	212.4718
180	102	133.7656	225.3872
181	102	124.9715	272.8405
182	102	150.8406	278.4982
183	102	151.7292	262.5163
184	102	132.8603	247.7418
185	102	133.4406	229.8271
186	102	128.0402	217.1259
187	102	113.1135	232.9117
188	102	139.4790	185.1544
189	102	245.8721	226.0123
190	102	268.8659	223.6982
191	102	218.0297	172.6225
192	102	215.2063	154.9785
193	102	238.8341	130.8770
194	102	214.9695	118.8955
195	102	265.8540	109.6621
196	102	259.6724	141.2788
197	102	276.9089	74.3377
198	102	276.7537	39.1506
199	102	223.3857	50.5487
200	102	190.2040	86.0674
201	201	75.1600	44.6900
202	201	63.4100	57.2400
203	201	62.6500	58.0100
204	201	60.3400	60.5800
205	201	87.6400	219.7700
206	201	85.4800	219.3000
207	213	61.6600	59.1300
208	213	87.2400	218.7500
209	213	88.2300	220.7700
210	213	86.1600	220.2400
211	213	86.9900	221.2800
212	225	74.7700	42.8200
213	225	76.2100	57.3600
214	597	41.9623	53.2466
215	597	51.8954	40.0449
216	597	57.6648	57.0879
217	597	89.4209	62.7740
218	597	88.6733	73.7688
219	597	97.8858	45.9531
220	597	98.6033	65.9702
221	597	127.9273	56.7721
222	597	137.6972	44.2075
223	597	148.9193	41.5228
224	597	142.1536	57.1139
225	597	158.8601	58.8790
226	597	151.5783	75.6185
227	597	126.1123	82.6194
228	597	134.6418	88.1212
229	597	168.2541	64.7953
230	597	184.5474	71.8581
231	597	176.4325	81.6981
232	597	197.2058	76.9859
233	597	217.9752	68.6038
234	597	269.6563	50.0650
235	597	278.1271	77.5789
236	597	268.4324	81.0060
237	597	256.1264	101.0712
238	597	256.7618	113.5070
239	597	232.0506	101.3655
240	597	216.0084	107.7580
241	597	234.6427	132.5431
242	597	213.2552	134.2144
243	597	206.9382	148.8013
244	597	219.7398	213.7160
245	597	185.1501	196.9357
246	597	155.0183	207.9008
247	597	167.8214	220.8516
248	597	184.2718	227.2091
249	597	171.5402	242.2853
250	597	159.4956	245.3815
251	597	150.7930	257.7957
252	597	173.5741	281.8509
253	597	147.1028	276.2220
254	597	125.2538	268.4287
255	597	98.8043	274.1888
256	597	129.1025	243.3301
257	597	112.5725	225.8533
258	597	119.2798	255.3243
259	597	94.8638	253.2222
260	597	63.1287	261.3429
261	597	67.2299	246.0890
262	597	39.1851	239.5567
263	597	50.9011	244.5064
264	597	38.6538	268.6158
265	597	60.1596	275.8712
266	597	39.8910	222.3475
267	597	55.7949	218.4447
268	597	64.9707	218.7734
269	597	37.8283	199.6567
270	597	62.2122	189.4064
271	597	40.3392	172.7733
272	597	66.1649	164.7898
273	597	42.0738	151.5498
274	793	189.8324	181.5695
275	793	191.3202	165.2972
276	793	205.9841	164.2588
277	793	174.7336	165.8260
278	793	174.4666	152.5147
279	793	191.5988	149.6306
280	793	207.7663	150.2203
281	793	222.8256	150.3699
282	793	223.3189	164.3755
283	793	223.6673	178.6089
284	793	220.6769	194.2444
285	793	205.8811	206.8053
286	793	190.2271	210.1789
287	793	176.0447	209.7167
288	793	160.4291	211.1198
289	793	162.7307	196.6687
290	793	162.4417	169.7538
291	793	220.0144	135.4347
292	793	235.2122	135.1295
293	793	234.2279	148.3876
294	793	231.1313	211.2657
295	793	232.4054	230.2778
296	793	208.8003	225.0892
297	793	219.9770	228.2382
298	793	193.4916	224.0964
299	793	175.9335	223.4329
300	793	160.2100	223.2906
301	793	145.3852	226.3812
302	793	145.9758	210.0139
303	793	149.0286	180.7926
304	793	220.8354	119.7974
305	793	236.6561	120.3279
306	793	248.6808	120.5637
307	793	141.6626	168.6423
308	793	200.2525	110.6676
309	793	190.3169	113.9223
310	793	190.9275	98.9537
311	793	187.3790	85.3885
312	793	196.3738	81.0116
313	793	183.2006	69.1083
314	793	171.7704	102.9359
315	793	167.2015	92.5573
316	793	157.0677	103.0064
317	793	165.8795	70.5138
318	793	258.4023	116.9224
319	793	237.8613	111.3759
320	793	242.8512	134.1031
321	793	251.4906	148.0011
322	793	135.5493	109.0179
323	793	279.2926	259.8538
