INT	INT	FLOAT	FLOAT
INT	INT	FLOAT	FLOAT
1	1	279.4420	124.8606
2	1	274.1772	123.6757
3	1	280.7241	140.5609
4	1	279.5382	148.3391
5	1	263.0900	100.4800
6	1	266.6200	94.7600
7	1	263.8400	108.5300
8	1	267.5296	70.6174
9	1	259.8932	73.0196
10	1	245.4650	83.4025
11	1	248.5140	75.1979
12	1	241.9626	77.4435
13	1	235.2000	91.8114
14	1	228.0673	91.0776
15	1	227.9000	85.0000
16	1	227.1929	62.8515
17	1	218.5060	64.9734
18	1	213.6730	72.8711
19	1	216.3219	80.6235
20	1	219.6800	85.6000
21	1	148.8853	46.1589
22	1	148.7900	42.3600
23	1	156.5900	40.7200
24	1	136.4884	84.0214
25	1	126.1344	86.2764
26	1	116.5780	84.6395
27	1	118.4756	92.3939
28	1	125.2189	92.0702
29	1	108.2309	86.2862
30	1	90.4290	88.5973
31	1	85.5552	86.4483
32	1	81.3685	88.7769
33	1	80.1770	95.0004
34	1	73.4778	92.7003
35	1	63.7109	102.0696
36	1	63.1280	108.6283
37	1	94.4464	114.4898
38	1	98.6355	115.3577
39	1	103.1407	116.1591
40	1	95.2616	121.4870
41	1	98.9497	122.8005
42	1	98.2416	109.5069
43	1	93.6703	109.4110
44	1	81.2996	116.0196
45	1	86.1400	127.2285
46	1	93.3326	127.5159
47	1	73.9026	132.8560
48	1	77.0745	142.1418
49	1	78.9813	155.6246
50	1	49.9100	230.3100
51	1	42.4049	245.5233
52	1	60.7904	261.3061
53	1	58.2356	254.1210
54	1	99.8191	271.2446
55	1	91.7688	256.4438
56	1	85.2028	245.6534
57	1	81.9088	239.4206
58	1	75.2300	227.0808
59	1	68.3684	218.4339
60	1	224.3416	212.5279
61	1	230.0700	200.4100
62	1	242.1968	183.3020
63	1	240.0590	178.9024
64	1	245.5537	178.6702
65	1	198.4505	217.9893
66	1	239.3576	199.0955
67	1	196.7906	258.0472
68	1	188.8330	232.1649
69	1	188.8810	227.1858
70	1	191.9136	168.8339
71	1	103.1039	252.8149
72	1	118.5870	192.9480
73	1	155.7867	143.6703
74	1	145.2661	130.9670
75	1	140.4636	130.7573
76	1	213.5729	78.6846
77	1	231.7807	111.9372
78	1	257.5132	120.6844
79	1	219.3105	158.8901
80	1	263.2599	193.3623
81	1	158.3717	210.5769
82	1	160.7845	240.8554
83	1	168.3661	256.3858
84	1	211.2801	267.3133
85	1	244.5830	257.2793
86	1	148.8296	228.4100
87	1	98.4949	242.0713
88	1	68.6943	283.2564
89	1	57.7738	282.1801
90	1	68.9059	273.5127
91	1	46.7000	210.0400
92	1	35.5380	223.9240
93	1	35.4542	236.1935
94	1	52.5535	181.1669
95	1	127.0379	181.3864
96	1	56.0866	155.9254
97	1	61.9485	131.3552
98	1	114.6428	89.9456
99	1	141.9918	122.1346
100	1	125.5314	110.4335
101	101	131.3508	84.7656
102	101	158.1752	88.0709
103	101	283.1000	81.4200
104	101	280.0566	82.9786
105	101	238.8131	64.9728
106	101	226.7364	71.9363
107	101	220.3173	90.7159
108	101	217.2860	87.4227
109	101	159.5000	77.7600
110	101	100.6342	84.2803
111	101	104.4688	87.9211
112	101	96.5620	100.3515
113	101	104.1609	107.7226
114	101	107.4447	107.5959
115	101	86.2334	110.6831
116	101	89.8935	109.0343
117	101	122.7178	186.4656
118	101	121.4841	188.1270
119	101	111.3324	179.5336
120	101	95.1271	229.0208
121	101	91.1820	227.9630
122	101	85.7640	220.2529
123	101	108.3989	260.1511
124	101	108.0645	264.8999
125	101	113.5144	281.2932
126	101	113.5500	275.9700
127	101	88.0885	272.3601
128	101	90.5342	271.6090
129	101	178.3198	199.4366
130	101	172.9832	208.5826
131	101	161.9265	219.4746
132	101	162.4167	225.9974
133	101	173.9700	219.1200
134	101	173.5600	225.8100
135	101	181.2900	241.9000
136	101	176.3400	240.3600
137	101	194.2055	208.2135
138	101	196.9700	192.1100
139	101	193.6856	195.4569
140	101	225.3935	183.3359
141	101	241.5927	187.8633
142	101	240.0869	189.4059
143	101	239.3029	237.9458
144	101	247.5616	238.0112
145	101	249.1966	229.2512
146	101	277.8075	148.7800
147	101	274.4925	146.7761
148	101	273.9601	139.8869
149	101	281.6128	146.9797
150	101	220.3746	212.6973
151	102	228.6400	230.2400
152	102	210.5000	237.7300
153	102	200.6982	219.3646
154	102	52.0114	236.7016
155	102	43.7203	246.8122
156	102	36.8657	272.6150
157	102	37.7893	272.2835
158	102	47.8951	277.3654
159	102	39.6825	222.8273
160	102	42.6127	220.0714
161	102	242.5971	90.0808
162	102	277.9309	118.8377
163	102	200.7099	251.3844
164	102	226.4500	253.3200
165	102	81.2880	161.5489
166	102	94.8949	133.1463
167	102	111.3604	147.0379
168	102	72.6321	117.9050
169	102	143.5514	144.2511
170	102	124.9846	201.4485
171	102	111.9811	189.5378
172	102	59.1894	273.2214
173	102	41.2578	232.9912
174	102	92.2575	240.6886
175	102	190.0561	195.1394
176	102	225.2804	261.3205
177	102	227.9511	235.8232
178	102	207.6678	239.2182
179	102	244.3298	237.1240
180	102	244.3389	250.8564
181	102	206.5660	266.7811
182	102	284.0919	135.7874
183	102	287.7800	50.6500
184	102	242.9846	68.1158
185	102	231.3055	73.8363
186	102	156.3726	88.5725
187	102	132.0846	90.7770
188	102	109.6704	104.1899
189	102	95.9890	271.8132
190	102	210.3900	257.4700
191	102	207.3246	238.9917
192	102	208.0230	238.4558
193	102	283.5550	134.8196
194	102	282.6564	130.6338
195	102	259.6949	76.2745
196	102	258.8240	76.7735
197	102	213.2454	35.1177
198	102	211.1420	35.0379
199	102	93.7442	273.2999
200	102	107.6275	263.7554
201	201	84.1000	176.5500
202	201	85.0700	178.9300
203	201	47.2700	141.0900
204	201	143.4400	191.5600
205	201	143.7400	190.3300
206	201	145.0300	189.1800
207	213	84.5300	177.3700
208	213	47.3200	139.9000
209	213	59.0400	184.0900
210	213	146.4700	188.8200
211	213	147.5400	188.2300
212	213	190.0000	70.0000
213	599	57.0069	280.2884
214	599	37.5382	275.2637
215	599	41.1096	262.7429
216	599	61.2186	268.0043
217	599	60.8955	252.9228
218	599	32.1472	239.3548
219	599	57.6497	236.7417
220	599	35.9759	220.7725
221	599	56.8147	208.2723
222	599	49.3146	183.3867
223	599	39.4801	191.2194
224	599	69.1923	200.5139
225	599	71.6391	203.5458
226	599	76.6904	222.3798
227	599	95.8784	230.3995
228	599	82.5630	235.1416
229	599	106.8178	243.5699
230	599	94.6284	249.0248
231	599	111.5800	263.5873
232	599	110.4105	264.9375
233	599	117.6570	266.0065
234	599	93.0511	278.0518
235	599	109.3851	280.1706
236	599	153.8638	250.2413
237	599	166.8240	262.1923
238	599	177.1445	243.0347
239	599	164.8226	242.0389
240	599	160.4469	229.8409
241	599	175.6548	222.6476
242	599	195.9676	227.1841
243	599	205.6177	241.1248
244	599	190.0037	245.2676
245	599	193.0627	259.3598
246	599	202.2403	269.3582
247	599	211.2050	256.4928
248	599	227.3926	267.1042
249	599	225.7194	273.5323
250	599	242.7022	277.7314
251	599	265.6107	277.2889
252	599	266.7085	253.4092
253	599	237.3655	241.3250
254	599	283.6972	235.9114
255	599	249.1599	186.1538
256	599	236.8166	185.7831
257	599	219.9676	176.9693
258	599	230.2175	151.3853
259	599	224.6147	142.6735
260	599	240.8225	116.7934
261	599	276.9488	118.2738
262	599	283.3330	100.9201
263	599	264.9732	69.9577
264	599	244.1438	87.8488
265	599	256.9068	48.3204
266	599	210.6519	45.6203
267	599	190.2032	53.5228
268	599	141.1888	49.7837
269	599	110.1550	44.6056
270	599	95.6953	41.5129
271	599	66.4119	57.9534
272	599	83.5352	77.2208
273	776	76.0000	55.0000
274	776	89.0000	42.0000
275	776	100.0000	34.0000
276	792	109.7686	140.9005
277	792	110.0738	125.7642
278	792	123.9225	126.7219
279	792	124.4471	139.3171
280	792	113.0402	152.7348
281	792	99.3730	154.5212
282	792	94.8088	145.2706
283	792	123.2736	112.8139
284	792	140.5014	110.2702
285	792	157.5634	78.7067
286	792	167.4250	98.8483
287	792	140.8174	153.8608
288	792	124.6949	169.2432
289	792	111.2526	168.4729
290	792	81.2589	169.1472
291	792	78.0564	152.0145
292	792	78.6302	138.5823
293	792	81.0595	125.3115
294	792	80.2105	110.7397
295	792	84.0102	94.0051
296	792	94.9855	95.6568
297	792	110.9901	95.6698
298	792	124.0456	95.8774
299	792	69.0000	97.0031
300	792	153.5878	96.6047
301	792	154.7818	111.8925
302	792	155.9896	123.1989
303	792	156.5864	139.5364
304	792	154.8675	154.0663
305	792	140.4419	185.3740
306	792	123.8881	174.6421
307	792	113.0314	186.8382
308	792	66.6611	151.5233
309	792	66.0991	137.0612
310	792	68.5058	113.8324
311	792	67.2507	81.2138
312	792	80.2425	80.5181
313	792	108.0072	82.0806
314	792	124.8944	81.7294
315	792	142.2929	80.3118
316	792	171.9199	115.2271
317	792	167.2819	131.0334
318	792	153.4115	172.8120
319	792	144.6671	203.7014
320	792	126.8478	205.1614
321	792	106.3593	204.1782
322	792	88.6444	184.4663
323	792	55.2935	152.7755
324	792	55.2624	102.0211
325	792	56.7432	122.2284
326	792	226.8375	220.7173
327	792	230.2333	237.8828
328	792	209.8832	239.4484
329	792	196.1710	238.5083
330	792	194.2389	220.3922
331	792	193.3175	206.4506
332	792	194.8157	189.6738
333	792	225.6629	187.6271
334	792	242.0860	204.5794
335	792	242.2556	235.1415
336	792	241.3857	251.8799
337	792	194.8087	251.1380
338	792	177.9797	252.6408
339	792	182.8317	205.5518
340	792	181.6351	190.0803
341	792	192.8250	175.9448
342	792	224.1346	179.5802
343	792	240.9189	175.7967
344	792	249.3821	204.1085
345	792	252.7964	222.5382
346	792	255.2285	233.4831
347	792	257.9224	250.3903
348	792	257.4476	266.7158
349	792	240.0680	266.9948
350	792	229.7715	266.0988
351	792	210.3816	269.8925
352	792	176.7185	265.4583
353	792	164.0333	236.1536
354	792	167.4194	220.5540
355	792	180.4126	161.3240
356	792	193.1491	157.1235
357	792	225.0636	159.3906
358	792	265.2466	186.7462
359	792	268.3833	219.3740
360	792	269.3974	235.5016
361	792	253.9459	279.5740
362	792	232.7145	272.1388
363	792	223.4752	243.0821
364	792	266.9194	256.7579
365	792	234.4363	255.2685
366	792	201.7217	265.8954
367	792	180.7690	273.4650
368	792	169.9868	265.1782
369	792	155.4024	252.7139
370	792	199.4272	145.8458
371	792	189.6119	138.1403
372	792	216.0580	149.3521
373	792	225.7292	137.5935
374	792	228.3130	203.3010
375	792	204.9012	202.1606
