INT	INT	FLOAT	FLOAT
INT	INT	FLOAT	FLOAT
1	5	183.657	71.5609
2	5	268.7885	156.9332
3	5	245.053	168.5305
4	5	36.9635	41.036
5	5	39.0223	49.1936
6	5	90.1964	85.6349
7	5	99.831	81.8843
8	5	114.0052	80.6664
9	5	104.3422	66.1742
10	5	113.7818	61.7618
11	5	119.3979	72.2425
12	5	158.5258	63.3383
13	5	34.8365	72.5413
14	5	43.9475	88.8603
15	5	40.6256	106.8555
16	5	161.41	82.1903
17	5	198.1196	83.1017
18	5	248.0903	65.5816
19	5	241.1166	79.0065
20	5	279.237	108.3492
21	5	266.0978	117.085
22	5	281.3929	161.2349
23	5	280	195
24	5	275.6392	201.8865
25	5	271.0411	210.8532
26	5	263.5585	198.5477
27	5	272.5038	224.2309
28	5	246.3457	238.829
29	5	192.6172	209.6084
30	5	218.4305	243.3432
31	5	244.6944	243.7232
32	5	252.887	245.6499
33	5	282.7829	259.4458
34	5	267.7319	285.1034
35	5	248.7383	286.6111
36	5	256.726	283.2396
37	5	234.5464	284.1798
38	5	177	278
39	5	165	274
40	5	155.3806	271.2254
41	5	151.9801	265.1354
42	5	158.7947	255.7099
43	5	166.4243	249.5925
44	5	147.3846	254.2702
45	5	124.7715	277.9134
46	5	124.5634	267.9774
47	5	131.3967	273.643
48	5	90.4462	200.8163
49	5	80.6486	209.3338
50	5	167.17	147.7597
51	5	195	278
52	5	197.1651	282.0625
53	5	203.7316	282.4452
54	5	285.8578	257.3729
55	5	226.6396	244.4588
56	5	203.628	239.6348
57	5	216.6568	231.8819
58	5	133.521	261.6535
59	5	141.4447	148.3707
60	5	114.4358	200.9782
61	5	203.3584	188.5902
62	5	181.9026	200.5883
63	5	191.2079	277.5773
64	5	137.7357	255.3953
65	5	61.082	224.4036
66	5	72.1484	119.5725
67	5	47.601	82.4482
68	5	59.2046	257.5618
69	5	89.4557	228.5983
70	5	87.2351	269.0527
71	5	164.3238	252.3443
72	5	192.5382	237.5509
73	5	203.3519	225.0606
74	5	214.261	227.1398
75	5	217.7933	215.6392
76	5	182.5503	270.4925
77	5	184.393	255.4404
78	5	230.4653	232.6102
79	5	253.807	224.055
80	5	254.3881	179.9872
81	5	226.9437	190.6189
82	5	242.2943	133.6176
83	5	244.2322	100.1395
84	5	233.6048	75.6935
85	5	205.2085	89.6015
86	5	188.1417	84.6123
87	5	163.551	93.5237
88	5	128.5267	98.3804
89	5	153.0969	63.3698
90	5	91.9048	90.618
91	5	74.7389	122.1935
92	5	48.9692	158.6591
93	5	74.2735	202.6562
94	5	92.2116	274.1996
95	5	116.1822	206.0519
96	5	206.7993	264.8753
97	5	208.3207	257.8792
98	5	247.0725	248.1182
99	5	215.526	189.7133
100	5	212.9303	119.5594
101	111	41.2112	253.6266
102	111	54.4106	269.3914
103	111	75.1045	258.1396
104	111	93.2375	255.0643
105	111	92.7635	265.56
106	111	108.7961	255.4682
107	111	111.8657	274.6109
108	111	121.1929	259.9101
109	111	120.8796	244.7385
110	111	153.3851	253.456
111	111	165.0741	272.9601
112	111	177.4671	262.0473
113	111	173.588	259.2328
114	111	170.4028	275.1906
115	111	190.0665	270.437
116	111	210.8139	275.9972
117	111	268.4166	272.1901
118	111	239.6393	279.1216
119	111	237.5931	258.6425
120	111	227.1828	215.42
121	111	239.9483	200.533
122	111	264.5606	185.6921
123	111	221.5467	174.5777
124	111	197.1248	165.1163
125	111	185.1956	186.0751
126	111	154.0655	201.777
127	111	140.7437	167.7953
128	111	121.8715	181.5035
129	111	115.8914	165.0594
130	111	105.8134	168.6109
131	111	101.9457	195.2772
132	111	89.6846	183.6949
133	111	78.6665	198.8189
134	111	82.9937	216.083
135	111	57.9678	214.9415
136	111	53.5385	194.7553
137	111	49.4177	161.16
138	111	72.6797	164.6413
139	111	81.681	174.1042
140	111	100.2876	144.521
141	112	108.8774	160.1864
142	112	156.7018	151.1015
143	112	146.3443	151.3326
144	112	196.9301	164.0127
145	112	236.9033	160.1502
146	112	255.9336	163.242
147	112	260.2736	114.204
148	112	207.8901	94.5624
149	112	232.4601	87.4985
150	112	206.2841	93.7086
151	112	221.4879	92.1284
152	112	151.4856	98.1739
153	112	164.6002	101.5758
154	112	126.9248	109.6335
155	112	102.4678	116.5655
156	112	89.7833	106.4339
157	112	74.1837	107.3311
158	112	61.4801	91.3838
159	112	69.9946	162.4631
160	112	96.8072	143.3358
161	112	221.5775	83.4021
162	112	193.8889	75.8045
163	112	188.5724	93.0209
164	112	200.6838	98.5593
165	112	175.2451	93.6341
166	112	84.5876	94.551
167	112	95.0405	131.6188
168	112	117.4876	133.5275
169	112	116.6534	150.5773
170	112	126.1183	163.5618
171	112	121.9727	163.0931
172	112	146.3745	160.4379
173	112	137.5797	143.5025
174	112	140.4909	136.2531
175	112	174.6201	121.9149
176	112	94.9052	197.4922
177	112	52.9279	182.3132
178	112	62.4759	173.3616
179	112	58.6094	214.351
180	112	72.7842	251.8466
181	113	159.5572	213.2952
182	113	168.8146	210.7271
183	113	184.5795	200.7948
184	113	223.7988	167.5392
185	113	210.4415	165.2757
186	113	262.1329	131.801
187	113	185.4449	70.5305
188	113	164.953	93.1814
189	113	138.4789	150.9727
190	113	71.7363	205.4507
191	113	119.8432	202.9667
192	113	61.2549	260.4452
193	113	115.5332	268.4139
194	113	207.0122	228.3546
195	113	225.232	204.173
196	113	162.1345	150.7101
197	113	184.5853	200.8968
198	113	199.1531	172.1544
199	113	234.4917	175.8923
200	113	246.4909	168.2846
201	205	31.71	240.8
202	205	31.17	240.62
203	205	31.02	241.5
204	205	43.67	215.99
205	205	43.05	216.46
206	205	43.35	217.14
207	205	42.54	216.93
208	205	43.17	217.85
209	205	42.51	217.73
210	217	43.01	218.55
211	217	60.18	284.66
212	217	60.41	285.31
213	217	61.41	285.22
214	217	60.83	285.46
215	217	101.97	50.31
216	217	101.34	50.12
217	217	100.9	49.7
218	217	100.28	49.4
219	605	44.3219	45.9292
220	605	37.2354	38.0086
221	605	53.4775	49.2805
222	605	75.1056	46.4962
223	605	88.1288	50.9072
224	605	88.039	67.8594
225	605	108.7396	70.8697
226	605	108.7137	58.6714
227	605	152.0349	66.335
228	605	161.2637	47.5416
229	605	212.2878	66.408
230	605	222.8676	51.0373
231	605	238.1476	37.9505
232	605	259.5614	52.0068
233	605	235.9782	68.1724
234	605	234.1312	93.5764
235	605	216.0934	97.7888
236	605	220.8546	113.1582
237	605	226.2881	126.7843
238	605	205.83	114.0875
239	605	244.6824	111.3986
240	605	252.1114	133.0141
241	605	274.8026	103.6884
242	605	266.1147	87.5492
243	605	273.71	149.2036
244	605	258.9764	141.6893
245	605	253.1793	154.8389
246	605	266.6517	168.7401
247	605	230.347	155.6815
248	605	200.0404	159.972
249	605	216.0219	167.6004
250	605	266.5215	163.9731
251	605	275.9883	183.2737
252	605	250.8297	186.4078
253	605	274.8285	198.5124
254	605	240.9285	183.7621
255	605	257.5954	218.4396
256	605	253.126	231.3457
257	605	245.0112	231.3517
258	605	233.9569	235.7331
259	605	216.8069	238.9029
260	605	222.0685	230.2387
261	605	199.0234	236.6945
262	605	178.1374	235.1422
263	605	153.4704	256.1827
264	605	153.8804	264.7248
265	605	125.5015	250.0368
266	605	123.616	263.7966
267	605	100.3596	248.6694
268	605	101.3048	270.51
269	605	83.5967	266.6185
270	605	63.1144	261.3536
271	605	64.1435	246.2168
272	605	38.5389	252.4319
273	605	46.4081	235.6054
274	605	48.0244	219.9447
275	605	64.6181	231.9179
276	605	69.5048	215.6993
277	605	86.3603	196.981
278	605	68.4837	171.5487
