INT	INT	FLOAT	FLOAT
INT	INT	FLOAT	FLOAT
1	8	182.9602	266.9626
2	8	201.1545	260.1851
3	8	216.9821	248.4364
4	8	221.4091	239.707
5	8	226.5793	251.7733
6	8	230.3914	247.5004
7	8	231.5822	250.2067
8	8	276.7672	231.9078
9	8	268.5636	230.4694
10	8	286.3318	227.1949
11	8	264.2784	190.7134
12	8	243.2166	192.7731
13	8	265.404	168.3138
14	8	226.6907	129.4512
15	8	270.7396	133.9972
16	8	274.5406	132.415
17	8	272.3274	136.8426
18	8	279.4679	124.7947
19	8	286.796	112.7608
20	8	266.9494	61.1396
21	8	257.1201	78.2429
22	8	250.5129	79.5826
23	8	233.3934	120.4716
24	8	231.2284	101.5673
25	8	242.964	106.952
26	8	238.8378	144.3211
27	8	202.6053	167.5203
28	8	202.9305	164.9761
29	8	202.8384	171.1545
30	8	171.9194	131.3947
31	8	168.9088	141.2551
32	8	165.7661	153.6071
33	8	166.108	157.588
34	8	169.4008	105.4349
35	8	189.77	97.3493
36	8	188.9291	100.6358
37	8	187.9891	103.7373
38	8	180.5872	81.2773
39	8	217.5153	85.5554
40	8	216.9215	92.5181
41	8	262.9042	45.0805
42	8	257.5046	48.7177
43	8	119.2288	35.1197
44	8	126.6393	72.7041
45	8	87.1317	75.4803
46	8	82.9607	74.1708
47	8	55.488	53.117
48	8	37.6531	81.3833
49	8	46.4019	103.6304
50	8	49.0436	104.3172
51	8	54.8121	112.4245
52	8	80.268	132.1705
53	8	82.9657	136.0029
54	8	88.3011	138.8787
55	8	102.1602	135.8492
56	8	101.4047	139.691
57	8	88.8456	168.692
58	8	94.0709	167.3882
59	8	98.4978	162.2191
60	8	57.2399	185.2217
61	8	60.7079	210.4307
62	8	59.2876	204.003
63	8	108.9385	268.7046
64	8	97.3348	283.5709
65	8	117.1036	270.1017
66	8	125.36	213.3724
67	8	120.9541	207.5513
68	8	121.7357	199.8452
69	8	118.6948	197.4421
70	8	180.7961	254.5402
71	8	177.8233	238.3645
72	8	182.7709	237.5654
73	8	194.9152	212.5358
74	8	192.9566	216.9105
75	8	190.4235	222.4026
76	8	125.5305	136.8581
77	8	134.9926	163.2071
78	8	151.5256	182.4403
79	8	100.4875	75.5994
80	8	113.6267	96.9268
81	8	137.2237	77.9879
82	8	159.7218	36.1213
83	8	175.2699	33.8816
84	8	172.1495	35.4367
85	8	165.5105	56.1736
86	8	165.5959	66.6933
87	8	152.0787	109.2632
88	8	151.9567	189.6634
89	8	142.3536	247.6034
90	8	143.1359	241.8366
91	8	145.048	237.5597
92	8	144.2988	258.5556
93	8	142.6906	264.4293
94	8	104.5483	259.4344
95	8	107.3548	255.9464
96	8	113.1852	225.4168
97	8	182.2047	144.3415
98	8	184.7991	173.7861
99	8	192.8287	192.8157
100	8	206.6775	200.5737
101	120	191.6756	209.0725
102	120	181.945	267.3656
103	120	184.4034	266.6521
104	120	244.3044	276.4655
105	120	270.8119	232.6741
106	120	252.851	251.0593
107	120	252.0141	251.5256
108	120	248.79	212.2074
109	120	246.5602	212.5419
110	120	243.8323	212.6626
111	120	262.9147	190.4677
112	120	266.5586	191.5792
113	120	280.2043	176.8508
114	120	271.0771	171.0277
115	120	245.5547	186.2903
116	120	240.6829	187.3338
117	120	243.4021	193.7878
118	120	226.8606	215.5677
119	120	232.6947	221.9026
120	120	247.1007	194.2138
121	120	257.3298	143.8779
122	120	239.2136	146.3888
123	120	235.056	148.6079
124	120	235.6777	132.1354
125	120	228.5748	130.7938
126	120	273.1687	108.8138
127	120	278.2508	92.4827
128	120	266.9682	75.704
129	120	259.0105	96.4496
130	120	205.6339	84.8405
131	120	154.4	42.5864
132	120	153.8838	69.5909
133	120	155.133	80.4513
134	120	180.266	89.5135
135	120	182.5721	96.7975
136	120	177.7216	100.5166
137	120	172.9602	93.3605
138	120	155.2146	100.0982
139	120	148.7665	103.3472
140	120	105.3413	54.0437
141	121	112.0715	57.6659
142	121	123.0837	141.0977
143	121	118.9266	135.0188
144	121	116.9842	129.5898
145	121	98.953	81.0533
146	121	95.9722	97.9521
147	121	86.0086	80.0713
148	121	81.3143	114.3793
149	121	71.7605	144.5276
150	121	83.3917	138.739
151	121	113.1684	156.2304
152	121	115.6869	184.6342
153	121	116.2035	203.2058
154	121	121.8732	209.7737
155	121	50.291	173.8051
156	121	58.5847	212.9749
157	121	56.0459	204.9216
158	121	121.4954	212.6423
159	121	170.4204	187.6729
160	121	154.1956	259.0674
161	121	122.4076	206.0716
162	121	59.7162	205.5492
163	121	58.153	186.1767
164	121	91.8268	166.5786
165	121	95.831	115.1662
166	121	88.2384	75.0111
167	121	130.0984	80.1652
168	121	145.865	77.4197
169	121	171.4435	65.332
170	121	138.0783	36.2654
171	121	241.4554	130.5805
172	121	229.9045	130.9286
173	121	247.9937	212.4525
174	121	267.1514	191.5093
175	121	271.3145	232.9596
176	121	250.7968	252.3812
177	121	218.545	240.8839
178	121	198.7543	259.5589
179	121	194.7205	248.2297
180	121	226.5543	208.7158
181	122	237.2943	207.951
182	122	242.2111	200.7663
183	122	224.1436	197.9091
184	122	251.2567	180.9182
185	122	270.799	120.4096
186	122	263.4877	66.1618
187	122	139.8006	57.9245
188	122	109.6431	45.8726
189	122	80.673	119.8775
190	122	110.1112	170.0939
191	122	160.8342	223.5465
192	122	143.3313	212.2484
193	122	114.4767	193.3421
194	122	88.3136	145.3798
195	122	36.0346	180.7818
196	122	177.6322	182.0691
197	122	165.1081	196.2341
198	122	190.6221	134.658
199	122	157.9161	94.0691
200	122	171.518	105.0425
201	208	100.89	235.91
202	208	101.23	236.04
203	208	101.7	237.35
204	208	100.89	237.19
205	220	100.39	237.92
206	220	101.13	238.34
207	220	101.88	238.57
208	220	101.77	239.28
209	608	53.5562	54.9898
210	608	44.6877	78.1018
211	608	49.9221	94.01
212	608	65.7185	94.3137
213	608	87.5496	80.9707
214	608	102.7697	52.0672
215	608	122.1606	56.5526
216	608	134.9174	38.9782
217	608	143.0908	48.782
218	608	152.559	40.2793
219	608	155.7662	50.9183
220	608	195.3387	44.9417
221	608	182.6838	54.0353
222	608	204.9832	61.6362
223	608	178.464	86.2612
224	608	186.5824	91.0358
225	608	170.2936	102.3697
226	608	148.4381	124.2092
227	608	139.3432	150.3216
228	608	133.3736	165.717
229	608	117.9182	200.9922
230	608	97.3248	201.232
231	608	93.9381	211.6714
232	608	111.5351	258.6696
233	608	130.7732	244.6196
234	608	119.3934	269.0026
235	608	145.2793	262.3428
236	608	155.1282	256.3633
237	608	160.8914	272.7419
238	608	182.0995	269.1571
239	608	204.1053	260.3353
240	608	196.6713	282.1772
241	608	230.0717	251.6274
242	608	224.0285	236.3043
243	608	250.3088	258.3098
244	608	241.7824	281.9251
245	608	272.2542	255.1626
246	608	262.7658	235.8862
247	608	276.5328	233.6622
248	608	280.8211	224.6277
249	608	276.7906	207.8099
250	608	265.3912	192.9137
251	608	255.7439	197.5993
252	608	239.6334	191.8698
253	608	222.7835	172.0942
254	608	265.6301	172.3137
255	608	257.5805	152.6264
256	608	269.3708	138.9024
257	608	284.642	112.515
258	608	268.335	103.1468
259	608	280.4837	83.7261
260	608	280.1765	71.0807
261	608	274.6889	47.14
262	608	253.4373	70.8815
263	608	247.7698	77.3997
264	608	232.7211	97.9071
265	608	238.4939	107.7632
266	608	246.8877	43.17
267	608	221.0174	46.6162
268	608	203.4706	41.9187
