INT	INT	FLOAT	FLOAT
INT	INT	FLOAT	FLOAT
1	7	89.6427	104.1454
2	7	67.2337	71.5776
3	7	82.6632	110.4572
4	7	78.2453	110.0226
5	7	63.7124	159.0288
6	7	69.2552	163.6793
7	7	75.0728	168.5388
8	7	69.3118	210.5348
9	7	73.9815	219.413
10	7	83.0688	223.0275
11	7	59.1711	240.792
12	7	103.1955	225.9999
13	7	110.6508	225.0689
14	7	105	238
15	7	122.088	268.8435
16	7	122.8692	263.1599
17	7	124.0576	268.1934
18	7	118.9616	266.1974
19	7	120.6702	268.8615
20	7	140.0103	227.8698
21	7	134.908	226.3029
22	7	138.7742	222.7663
23	7	144.4152	224.734
24	7	145.0181	221.5676
25	7	144.1385	218.9627
26	7	142.9073	217.9312
27	7	143.7545	212.021
28	7	142.6733	209.4145
29	7	143.1261	215.7789
30	7	247.0145	97.1212
31	7	241.6962	105.7102
32	7	216.2905	105.1721
33	7	216.1899	106.536
34	7	216.1756	107.863
35	7	218.2041	110.0146
36	7	219.8816	110.1579
37	7	221.5995	110.3194
38	7	216.3316	101.6999
39	7	217.8699	99.1216
40	7	218.9394	96.8519
41	7	220.603	94.384
42	7	184.0921	60.5552
43	7	183.2805	61.3431
44	7	180.2977	61.7757
45	7	177.6819	61.3714
46	7	175.5136	60.3987
47	7	172.6374	59.5008
48	7	149.6087	59.9127
49	7	147.0783	60.873
50	7	142.3916	60.5193
51	7	137.59	60.2907
52	7	133.6246	58.6913
53	7	130.3017	56.0537
54	7	127	57
55	7	61.7927	148.2037
56	7	93.8591	211.309
57	7	93.6293	212.9529
58	7	259.1212	182.7862
59	7	231	173
60	7	241	172
61	7	115.5354	103.409
62	7	111.4528	130.8383
63	7	114.9396	147.2884
64	7	138.8205	191.6099
65	7	147.493	189.4665
66	7	206.8717	188.3917
67	7	211.4968	179.18
68	7	221.8973	140.1918
69	7	212.3096	134.5518
70	7	203.4764	137.6349
71	7	249.1983	139.2125
72	7	247.9057	134.7566
73	7	243.7302	132.0415
74	7	212.8878	155.3333
75	7	203.8831	179.2554
76	7	64.8354	111.2467
77	7	74.4477	111.457
78	7	84.5502	92.3566
79	7	75.4101	161.2214
80	7	115.7945	214.3046
81	7	122.5249	210.5963
82	7	119.2332	211.7698
83	7	206.6313	177.8008
84	7	241.7539	132.1135
85	7	238.8896	131.4479
86	7	210.7983	76.3889
87	7	229.7968	100.3753
88	7	228.3565	101.4741
89	7	271.3428	89.9172
90	7	267.5122	103.2684
91	7	158.9887	221.4799
92	7	168.3673	216.6104
93	7	163.5704	191.6069
94	7	158.1858	198.2331
95	7	150.1567	192.0725
96	7	156.3042	193.6418
97	7	148.2344	204.4924
98	7	145.5818	195.7169
99	7	133.4933	225.0385
100	7	131.1949	223.5936
101	117	242.8606	61.4643
102	117	249.6577	61.5821
103	117	111.6984	64.5956
104	117	110.5076	67.162
105	117	99.3469	60.0074
106	117	95	64
107	117	86.5763	49.6312
108	117	82.4826	70.2921
109	117	82.1538	74.4733
110	117	80	78
111	117	74	82
112	117	66.465	70.3073
113	117	64.2648	68.6421
114	117	67.8867	73.2741
115	117	59.3005	69.0814
116	117	58.3873	70.3911
117	117	66.9308	121.9039
118	117	67.6572	124.0647
119	117	68.7369	127.6757
120	117	54.3461	135.2016
121	117	53.6166	138.5485
122	117	57.6502	138.9283
123	117	50.1576	153.7363
124	117	50.1655	154.9605
125	117	49.9867	162.0746
126	117	50.1453	163.2247
127	117	51.0489	166.0967
128	117	51.4738	169.4491
129	117	58.1225	188.8427
130	117	68.9589	200.8152
131	117	105.0812	186.0748
132	117	142.7233	262.563
133	117	143.8677	261.8226
134	117	145	260
135	117	150.4041	261.0746
136	117	157.663	262.6876
137	117	172.5844	255.1368
138	117	170.5872	256.4773
139	117	174.1188	250.7365
140	117	182.2027	225.4292
141	118	184.7788	220.2673
142	118	255.3391	124.8161
143	118	252.4017	124.8382
144	118	256.2639	113.006
145	118	262.5913	98.2167
146	118	259.8989	97.8151
147	118	252.3223	99.3586
148	118	248.6197	108.7787
149	118	236.7482	119.0102
150	118	224.8371	123.5339
151	118	211.1096	101.6643
152	118	208.1488	103.8362
153	118	170.3088	122.2025
154	118	212.4803	80.306
155	118	104.9715	52.4181
156	118	103.7736	52.7127
157	118	165.7526	85.7418
158	118	180.4604	84.1414
159	118	190.0512	139.7612
160	118	172.292	117.6734
161	118	269.9241	94.3983
162	118	261.623	107.1853
163	118	249.9291	99.5324
164	118	245.8505	89.7627
165	118	231.9032	81.0397
166	118	220.9839	71.8405
167	118	114.6718	66.9848
168	118	115.4949	64.0244
169	118	96.7334	61.7008
170	118	67.783	122.7903
171	118	144.1427	167.362
172	118	181.3534	191.3297
173	118	183.3216	205.7733
174	118	195.7419	194.6663
175	118	238.281	183.4452
176	118	263.4212	161.3858
177	118	260.1733	136.2013
178	118	258.3072	125.8622
179	118	228.3485	98.8529
180	118	186.6732	135.1217
181	119	241.9238	81.4458
182	119	258.9988	63.5609
183	119	234.6657	61.7422
184	119	59.0072	71.0298
185	119	67.3221	139.865
186	119	143	260
187	119	148	257
188	119	182.7658	223.3152
189	119	164.3786	218.3985
190	119	173.063	205.7048
191	119	239	240
192	119	255.6264	158.085
193	119	235.3365	79.5423
194	119	200.2567	116.622
195	119	162.668	138.1041
196	119	136.21	144.5544
197	119	106.3795	142.6643
198	119	84.1184	131.2044
199	119	87.22	201.4702
200	119	103.339	188.6715
201	207	65.66	221.07
202	207	65.97	221.58
203	207	66.06	222.3
204	207	64.9	220.36
205	207	64.09	220.46
206	207	64.23	219.74
207	219	40.65	45.56
208	219	41.09	46.28
209	219	41.17	47.05
210	219	41.04	48.03
211	219	40.37	46.34
212	607	46.057	34.0838
213	607	75.8023	30.9204
214	607	71.0941	49.9546
215	607	104.812	24.906
216	607	105.7105	41.0007
217	607	111.5927	50.7111
218	607	126.5757	38.5505
219	607	140.7282	45.2584
220	607	155.9515	53.2973
221	607	163.017	34.9454
222	607	184.1422	53.4453
223	607	182.3975	33.8446
224	607	198.7548	54.2083
225	607	216.6334	36.8952
226	607	207.7014	35.2491
227	607	187.6004	60.3233
228	607	198.4607	78.6563
229	607	183.2586	80.0811
230	607	152.2315	94.4187
231	607	124.8533	94.8158
232	607	87.2544	96.6321
233	607	61.3201	87.9311
234	607	37.7978	76.5983
235	607	41.7655	96.1671
236	607	62.8327	107.4846
237	607	44.7667	109.3639
238	607	38.9181	147.7652
239	607	58.018	151.5578
240	607	78.4424	160.777
241	607	45.2662	174.8559
242	607	69.3889	198.903
243	607	45.6649	210.7335
244	607	57.9025	236.3593
245	607	44.8152	245.2011
246	607	35.4372	249.6573
247	607	43.6131	276.2169
248	607	61.7393	276.3271
249	607	62.3529	253.3361
250	607	51.1808	259.2726
251	607	84.2679	254.2554
252	607	80.7883	239.7105
253	607	108.7437	234.908
254	607	123.6264	256.0796
255	607	112.775	270.0842
256	607	128.6742	279.3108
257	607	148.871	256.5826
258	607	203.0401	268.94
259	607	202.5787	240.7988
260	607	170.4868	247.4347
261	607	157.4778	234.4789
262	607	165.3869	225.3224
263	607	157.673	202.7291
264	607	189.1126	210.4857
265	607	191.9713	198.0439
266	607	218.9525	199.6395
267	607	206.7744	204.9047
268	607	227.669	172.6519
269	607	257.3995	212.798
270	607	246.048	215.5719
271	607	272.9756	191.3201
